Cloud before filtering: 56150
Cloud after filtering: 2639
103 45 198
149 99 263
tower grid:
103 45 198
123 67 198
124 67 198
122 68 198
130 68 198
131 68 198
132 68 198
132 69 198
131 70 198
132 70 198
121 74 198
122 76 198
130 76 198
128 77 198
129 77 198
130 77 198
130 78 198
123 67 199
124 67 199
125 67 199
126 67 199
122 68 199
129 68 199
130 68 199
132 68 199
122 69 199
122 70 199
131 70 199
132 70 199
131 71 199
131 72 199
121 73 199
121 74 199
121 75 199
130 75 199
121 76 199
122 76 199
123 76 199
124 76 199
130 76 199
127 77 199
128 77 199
129 77 199
130 77 199
130 78 199
122 67 200
123 67 200
124 67 200
125 67 200
126 67 200
127 67 200
122 68 200
126 68 200
127 68 200
128 68 200
129 68 200
131 68 200
122 69 200
131 69 200
132 69 200
122 70 200
122 71 200
131 71 200
121 72 200
122 72 200
131 72 200
121 73 200
131 73 200
130 74 200
131 74 200
121 75 200
130 75 200
121 76 200
122 76 200
123 76 200
124 76 200
125 76 200
126 76 200
125 77 200
126 77 200
127 77 200
128 77 200
129 77 200
130 77 200
123 67 201
124 67 201
125 67 201
126 67 201
122 68 201
123 68 201
125 68 201
126 68 201
127 68 201
128 68 201
129 68 201
130 68 201
131 68 201
122 69 201
131 69 201
132 69 201
122 70 201
131 70 201
122 71 201
131 71 201
122 72 201
131 72 201
121 73 201
122 73 201
131 73 201
121 74 201
130 74 201
131 74 201
121 75 201
130 75 201
121 76 201
122 76 201
123 76 201
124 76 201
125 76 201
130 76 201
125 77 201
126 77 201
127 77 201
128 77 201
129 77 201
130 77 201
123 67 202
124 67 202
125 67 202
122 68 202
129 68 202
130 68 202
122 69 202
131 69 202
131 70 202
131 71 202
122 73 202
121 74 202
122 74 202
121 75 202
130 75 202
121 76 202
122 76 202
123 76 202
130 76 202
127 77 202
128 77 202
129 77 202
130 77 202
123 67 203
124 67 203
123 68 203
130 69 203
131 69 203
131 70 203
121 75 203
122 75 203
121 76 203
122 76 203
130 76 203
128 77 203
129 77 203
130 77 203
123 67 204
124 67 204
125 67 204
123 68 204
124 68 204
125 68 204
129 68 204
130 68 204
122 69 204
123 69 204
129 69 204
130 69 204
131 69 204
131 70 204
131 71 204
122 73 204
121 74 204
122 74 204
121 75 204
122 75 204
130 75 204
121 76 204
122 76 204
123 76 204
130 76 204
127 77 204
128 77 204
129 77 204
130 77 204
123 67 205
124 67 205
124 68 205
125 68 205
126 68 205
127 68 205
128 68 205
129 68 205
130 68 205
123 69 205
130 69 205
131 69 205
122 70 205
123 70 205
131 70 205
122 71 205
131 71 205
122 72 205
130 72 205
131 72 205
122 73 205
130 73 205
122 74 205
130 74 205
121 75 205
122 75 205
130 75 205
122 76 205
123 76 205
124 76 205
125 76 205
126 76 205
127 76 205
130 76 205
127 77 205
128 77 205
129 77 205
130 77 205
123 67 206
124 67 206
123 68 206
124 68 206
126 68 206
127 68 206
128 68 206
129 68 206
123 69 206
129 69 206
130 69 206
131 69 206
122 70 206
131 70 206
122 71 206
131 71 206
122 72 206
130 72 206
130 73 206
131 73 206
122 74 206
130 74 206
121 75 206
122 75 206
123 75 206
130 75 206
122 76 206
123 76 206
124 76 206
125 76 206
126 76 206
127 76 206
128 76 206
130 76 206
128 77 206
129 77 206
123 67 207
124 68 207
125 68 207
126 68 207
128 68 207
129 68 207
123 69 207
129 69 207
131 69 207
122 70 207
123 70 207
130 70 207
131 70 207
130 71 207
131 71 207
122 72 207
130 72 207
122 73 207
122 74 207
130 74 207
122 75 207
123 75 207
130 75 207
123 76 207
124 76 207
127 76 207
128 76 207
130 76 207
128 77 207
129 77 207
130 77 207
123 67 208
123 68 208
124 68 208
123 69 208
130 69 208
131 69 208
131 70 208
122 74 208
122 75 208
123 75 208
130 75 208
122 76 208
128 76 208
129 76 208
130 76 208
129 77 208
124 67 209
123 68 209
124 68 209
125 68 209
123 69 209
129 69 209
130 69 209
131 69 209
123 70 209
130 70 209
131 70 209
130 71 209
131 71 209
122 73 209
122 74 209
122 75 209
123 75 209
124 75 209
129 75 209
130 75 209
124 76 209
127 76 209
128 76 209
129 76 209
130 76 209
129 77 209
123 68 210
124 68 210
125 68 210
126 68 210
127 68 210
123 69 210
128 69 210
129 69 210
130 69 210
131 69 210
123 70 210
130 70 210
123 71 210
130 71 210
122 72 210
123 72 210
130 72 210
122 73 210
130 73 210
122 74 210
130 74 210
122 75 210
123 75 210
124 75 210
129 75 210
130 75 210
124 76 210
125 76 210
126 76 210
127 76 210
128 76 210
129 76 210
129 77 210
123 68 211
124 68 211
125 68 211
126 68 211
127 68 211
123 69 211
126 69 211
127 69 211
128 69 211
129 69 211
130 69 211
123 70 211
130 70 211
131 70 211
123 71 211
130 71 211
122 72 211
123 72 211
130 72 211
122 73 211
123 73 211
130 73 211
122 74 211
129 74 211
130 74 211
122 75 211
123 75 211
124 75 211
125 75 211
129 75 211
125 76 211
126 76 211
127 76 211
128 76 211
129 76 211
124 68 212
125 68 212
123 69 212
129 69 212
130 69 212
123 70 212
130 70 212
130 71 212
122 73 212
123 73 212
122 74 212
129 74 212
130 74 212
122 75 212
123 75 212
124 75 212
129 75 212
127 76 212
128 76 212
129 76 212
123 68 213
124 68 213
125 68 213
123 69 213
129 69 213
130 69 213
130 70 213
130 71 213
122 74 213
122 75 213
123 75 213
129 75 213
128 76 213
129 76 213
123 68 214
124 68 214
125 68 214
126 68 214
123 69 214
126 69 214
128 69 214
129 69 214
130 69 214
123 70 214
130 70 214
130 71 214
123 72 214
130 72 214
122 73 214
123 73 214
129 73 214
122 74 214
123 74 214
129 74 214
122 75 214
123 75 214
124 75 214
125 75 214
129 75 214
126 76 214
127 76 214
128 76 214
129 76 214
124 68 215
123 69 215
124 69 215
125 69 215
126 69 215
127 69 215
128 69 215
129 69 215
130 69 215
130 70 215
123 71 215
130 71 215
123 72 215
129 72 215
130 72 215
123 73 215
129 73 215
130 73 215
122 74 215
129 74 215
122 75 215
123 75 215
124 75 215
125 75 215
126 75 215
129 75 215
126 76 215
127 76 215
128 76 215
129 76 215
121 46 216
124 68 216
123 69 216
124 69 216
125 69 216
126 69 216
128 69 216
129 69 216
123 70 216
130 70 216
123 71 216
130 71 216
123 72 216
130 72 216
123 73 216
129 73 216
122 74 216
129 74 216
123 75 216
124 75 216
125 75 216
127 75 216
128 75 216
129 75 216
127 76 216
128 76 216
129 76 216
120 45 217
120 46 217
121 46 217
120 47 217
121 47 217
120 48 217
121 48 217
120 49 217
121 49 217
119 50 217
120 50 217
140 50 217
141 50 217
119 51 217
120 51 217
140 51 217
141 51 217
119 52 217
120 52 217
140 52 217
141 52 217
119 53 217
120 53 217
140 53 217
141 53 217
119 54 217
120 54 217
139 54 217
140 54 217
141 54 217
118 55 217
119 55 217
120 55 217
139 55 217
140 55 217
118 56 217
119 56 217
139 56 217
140 56 217
119 57 217
139 57 217
140 57 217
139 58 217
140 58 217
138 59 217
139 59 217
140 59 217
138 60 217
139 60 217
138 61 217
139 61 217
124 68 217
123 69 217
124 69 217
129 69 217
130 69 217
129 70 217
130 70 217
123 74 217
123 75 217
128 75 217
129 75 217
128 76 217
129 76 217
112 88 217
113 88 217
112 89 217
113 89 217
112 90 217
113 90 217
112 91 217
113 91 217
112 92 217
113 92 217
132 92 217
133 92 217
111 93 217
112 93 217
132 93 217
133 93 217
111 94 217
112 94 217
132 94 217
133 94 217
132 95 217
133 95 217
132 96 217
133 96 217
132 97 217
133 97 217
131 98 217
132 98 217
118 56 218
119 56 218
118 57 218
119 57 218
118 58 218
119 58 218
118 59 218
119 59 218
118 60 218
119 60 218
138 60 218
139 60 218
117 61 218
118 61 218
138 61 218
139 61 218
117 62 218
118 62 218
138 62 218
139 62 218
117 63 218
118 63 218
138 63 218
139 63 218
117 64 218
118 64 218
138 64 218
139 64 218
117 65 218
118 65 218
137 65 218
138 65 218
116 66 218
117 66 218
137 66 218
138 66 218
116 67 218
117 67 218
137 67 218
138 67 218
116 68 218
117 68 218
124 68 218
137 68 218
138 68 218
124 69 218
125 69 218
128 69 218
129 69 218
137 69 218
138 69 218
123 70 218
124 70 218
128 70 218
129 70 218
130 70 218
136 70 218
137 70 218
138 70 218
129 71 218
130 71 218
136 71 218
137 71 218
115 72 218
116 72 218
136 72 218
137 72 218
115 73 218
116 73 218
123 73 218
115 74 218
116 74 218
123 74 218
129 74 218
115 75 218
116 75 218
123 75 218
124 75 218
127 75 218
128 75 218
129 75 218
115 76 218
116 76 218
129 76 218
135 76 218
136 76 218
114 77 218
115 77 218
135 77 218
136 77 218
114 78 218
115 78 218
135 78 218
136 78 218
114 79 218
115 79 218
135 79 218
136 79 218
114 80 218
115 80 218
135 80 218
136 80 218
114 81 218
115 81 218
134 81 218
135 81 218
136 81 218
113 82 218
114 82 218
134 82 218
135 82 218
113 83 218
114 83 218
134 83 218
135 83 218
113 84 218
114 84 218
134 84 218
135 84 218
113 85 218
114 85 218
134 85 218
135 85 218
113 86 218
114 86 218
134 86 218
135 86 218
112 87 218
113 87 218
114 87 218
133 87 218
134 87 218
112 88 218
113 88 218
133 88 218
134 88 218
112 89 218
113 89 218
133 89 218
134 89 218
133 90 218
134 90 218
133 91 218
134 91 218
133 92 218
134 92 218
132 93 218
133 93 218
116 67 219
116 68 219
117 68 219
116 69 219
117 69 219
124 69 219
125 69 219
126 69 219
127 69 219
128 69 219
116 70 219
117 70 219
124 70 219
129 70 219
130 70 219
115 71 219
116 71 219
117 71 219
123 71 219
124 71 219
129 71 219
115 72 219
116 72 219
123 72 219
124 72 219
129 72 219
136 72 219
137 72 219
115 73 219
116 73 219
123 73 219
129 73 219
136 73 219
137 73 219
115 74 219
116 74 219
123 74 219
129 74 219
136 74 219
137 74 219
123 75 219
125 75 219
126 75 219
127 75 219
128 75 219
129 75 219
136 75 219
137 75 219
128 76 219
129 76 219
135 76 219
136 76 219
135 77 219
136 77 219
135 78 219
136 78 219
124 69 220
125 69 220
126 69 220
127 69 220
128 69 220
116 70 220
117 70 220
124 70 220
128 70 220
129 70 220
130 70 220
123 71 220
124 71 220
129 71 220
123 72 220
129 72 220
123 73 220
129 73 220
123 74 220
124 74 220
129 74 220
136 74 220
137 74 220
123 75 220
124 75 220
125 75 220
126 75 220
127 75 220
128 75 220
129 75 220
124 69 221
125 69 221
116 70 221
117 70 221
124 70 221
128 70 221
129 70 221
130 70 221
129 71 221
123 73 221
123 74 221
124 74 221
129 74 221
136 74 221
137 74 221
124 75 221
127 75 221
128 75 221
129 75 221
124 69 222
125 69 222
116 70 222
117 70 222
124 70 222
128 70 222
129 70 222
130 70 222
129 71 222
123 73 222
123 74 222
124 74 222
128 74 222
129 74 222
136 74 222
137 74 222
128 75 222
129 75 222
124 69 223
125 69 223
126 69 223
116 70 223
117 70 223
124 70 223
128 70 223
129 70 223
124 71 223
129 71 223
123 72 223
129 72 223
123 73 223
124 73 223
129 73 223
124 74 223
125 74 223
129 74 223
136 74 223
137 74 223
127 75 223
128 75 223
116 69 224
117 69 224
118 69 224
119 69 224
120 69 224
121 69 224
122 69 224
123 69 224
124 69 224
125 69 224
126 69 224
116 70 224
117 70 224
118 70 224
119 70 224
120 70 224
121 70 224
122 70 224
123 70 224
124 70 224
126 70 224
127 70 224
128 70 224
129 70 224
130 70 224
116 71 224
117 71 224
118 71 224
119 71 224
120 71 224
122 71 224
123 71 224
124 71 224
125 71 224
126 71 224
127 71 224
128 71 224
129 71 224
130 71 224
131 71 224
132 71 224
133 71 224
117 72 224
118 72 224
119 72 224
120 72 224
121 72 224
122 72 224
123 72 224
124 72 224
126 72 224
128 72 224
129 72 224
130 72 224
131 72 224
132 72 224
133 72 224
134 72 224
135 72 224
120 73 224
121 73 224
122 73 224
123 73 224
124 73 224
125 73 224
126 73 224
127 73 224
128 73 224
129 73 224
130 73 224
132 73 224
133 73 224
134 73 224
135 73 224
136 73 224
137 73 224
122 74 224
123 74 224
124 74 224
125 74 224
126 74 224
127 74 224
128 74 224
129 74 224
130 74 224
131 74 224
132 74 224
133 74 224
134 74 224
135 74 224
136 74 224
137 74 224
124 75 224
125 75 224
126 75 224
127 75 224
128 75 224
129 75 224
130 75 224
131 75 224
132 75 224
133 75 224
134 75 224
135 75 224
136 75 224
117 69 225
118 69 225
119 69 225
120 69 225
121 69 225
122 69 225
123 69 225
124 69 225
125 69 225
126 69 225
119 70 225
120 70 225
124 70 225
126 70 225
127 70 225
128 70 225
129 70 225
130 70 225
117 71 225
119 71 225
120 71 225
124 71 225
129 71 225
130 71 225
132 71 225
133 71 225
117 72 225
118 72 225
119 72 225
124 72 225
129 72 225
133 72 225
134 72 225
135 72 225
120 73 225
121 73 225
123 73 225
124 73 225
128 73 225
129 73 225
133 73 225
134 73 225
135 73 225
136 73 225
122 74 225
123 74 225
124 74 225
125 74 225
128 74 225
133 74 225
134 74 225
136 74 225
126 75 225
127 75 225
128 75 225
129 75 225
130 75 225
131 75 225
132 75 225
133 75 225
134 75 225
135 75 225
136 75 225
120 69 226
121 69 226
122 69 226
123 69 226
124 69 226
120 70 226
121 70 226
122 70 226
126 70 226
127 70 226
129 70 226
119 71 226
120 71 226
121 71 226
122 71 226
124 71 226
131 71 226
132 71 226
119 72 226
120 72 226
121 72 226
122 72 226
124 72 226
129 72 226
131 72 226
132 72 226
133 72 226
120 73 226
121 73 226
122 73 226
124 73 226
128 73 226
129 73 226
132 73 226
133 73 226
123 74 226
124 74 226
125 74 226
126 74 226
127 74 226
128 74 226
130 74 226
131 74 226
132 74 226
133 74 226
126 75 226
127 75 226
128 75 226
130 75 226
131 75 226
132 75 226
133 75 226
123 69 227
124 69 227
125 69 227
122 70 227
123 70 227
124 70 227
125 70 227
126 70 227
127 70 227
128 70 227
129 70 227
122 71 227
123 71 227
124 71 227
125 71 227
126 71 227
127 71 227
128 71 227
129 71 227
130 71 227
131 71 227
122 72 227
123 72 227
124 72 227
126 72 227
127 72 227
128 72 227
129 72 227
130 72 227
122 73 227
123 73 227
124 73 227
125 73 227
126 73 227
127 73 227
128 73 227
129 73 227
130 73 227
122 74 227
123 74 227
124 74 227
125 74 227
126 74 227
127 74 227
128 74 227
129 74 227
130 74 227
127 75 227
128 75 227
129 75 227
130 75 227
125 69 228
124 70 228
125 70 228
126 70 228
127 70 228
128 70 228
129 70 228
124 71 228
129 71 228
124 72 228
129 72 228
124 73 228
128 73 228
124 74 228
125 74 228
126 74 228
127 74 228
128 74 228
127 75 228
128 75 228
118 45 229
119 45 229
118 46 229
119 46 229
118 47 229
119 47 229
118 48 229
119 48 229
118 49 229
119 49 229
142 50 229
142 51 229
143 51 229
142 52 229
143 52 229
142 53 229
143 53 229
142 54 229
125 70 229
126 70 229
127 70 229
129 70 229
124 71 229
129 71 229
124 72 229
128 72 229
129 72 229
128 73 229
124 74 229
125 74 229
126 74 229
127 74 229
128 74 229
118 48 230
119 48 230
117 49 230
118 49 230
119 49 230
117 50 230
118 50 230
117 51 230
118 51 230
117 52 230
118 52 230
117 53 230
118 53 230
142 53 230
143 53 230
117 54 230
118 54 230
141 54 230
142 54 230
143 54 230
116 55 230
117 55 230
118 55 230
141 55 230
142 55 230
116 56 230
117 56 230
141 56 230
142 56 230
116 57 230
117 57 230
141 57 230
142 57 230
116 58 230
117 58 230
141 58 230
142 58 230
116 59 230
117 59 230
141 59 230
142 59 230
116 60 230
140 60 230
141 60 230
116 61 230
140 61 230
141 61 230
140 62 230
141 62 230
140 63 230
141 63 230
140 64 230
141 64 230
140 65 230
124 70 230
125 70 230
126 70 230
127 70 230
128 70 230
128 71 230
129 71 230
124 72 230
128 72 230
124 73 230
128 73 230
124 74 230
125 74 230
127 74 230
128 74 230
112 82 230
111 83 230
112 83 230
111 84 230
112 84 230
111 85 230
112 85 230
111 86 230
112 86 230
110 87 230
111 87 230
135 87 230
136 87 230
110 88 230
111 88 230
135 88 230
136 88 230
110 89 230
111 89 230
135 89 230
136 89 230
110 90 230
111 90 230
135 90 230
136 90 230
110 91 230
111 91 230
135 91 230
136 91 230
109 92 230
110 92 230
135 92 230
136 92 230
109 93 230
110 93 230
134 93 230
135 93 230
134 94 230
135 94 230
134 95 230
135 95 230
134 96 230
135 96 230
134 97 230
135 97 230
133 98 230
134 98 230
135 98 230
134 99 230
116 59 231
116 60 231
115 61 231
116 61 231
115 62 231
116 62 231
115 63 231
116 63 231
115 64 231
116 64 231
115 65 231
116 65 231
139 65 231
140 65 231
114 66 231
115 66 231
116 66 231
139 66 231
140 66 231
114 67 231
115 67 231
139 67 231
140 67 231
114 68 231
115 68 231
139 68 231
140 68 231
114 69 231
115 69 231
139 69 231
140 69 231
114 70 231
115 70 231
125 70 231
126 70 231
127 70 231
128 70 231
138 70 231
139 70 231
140 70 231
113 71 231
114 71 231
115 71 231
125 71 231
127 71 231
128 71 231
129 71 231
138 71 231
139 71 231
113 72 231
114 72 231
128 72 231
138 72 231
139 72 231
113 73 231
114 73 231
124 73 231
128 73 231
138 73 231
139 73 231
113 74 231
114 74 231
124 74 231
125 74 231
127 74 231
128 74 231
138 74 231
139 74 231
113 75 231
114 75 231
128 75 231
138 75 231
139 75 231
113 76 231
114 76 231
137 76 231
138 76 231
112 77 231
113 77 231
137 77 231
138 77 231
112 78 231
113 78 231
137 78 231
138 78 231
112 79 231
113 79 231
137 79 231
138 79 231
112 80 231
113 80 231
137 80 231
138 80 231
112 81 231
113 81 231
136 81 231
137 81 231
138 81 231
111 82 231
112 82 231
136 82 231
137 82 231
111 83 231
112 83 231
136 83 231
137 83 231
111 84 231
136 84 231
137 84 231
136 85 231
137 85 231
136 86 231
137 86 231
135 87 231
136 87 231
135 88 231
136 88 231
114 69 232
114 70 232
115 70 232
125 70 232
126 70 232
127 70 232
124 71 232
125 71 232
128 71 232
124 72 232
128 72 232
124 73 232
128 73 232
124 74 232
125 74 232
126 74 232
127 74 232
128 74 232
138 74 232
138 75 232
114 70 233
115 70 233
125 70 233
126 70 233
127 70 233
125 71 233
128 71 233
124 72 233
125 72 233
128 72 233
124 73 233
128 73 233
124 74 233
125 74 233
126 74 233
127 74 233
128 74 233
138 74 233
114 70 234
115 70 234
125 70 234
126 70 234
127 71 234
128 71 234
128 72 234
124 73 234
125 73 234
125 74 234
127 74 234
128 74 234
138 74 234
114 70 235
115 70 235
125 70 235
126 70 235
127 70 235
125 71 235
127 71 235
128 71 235
125 72 235
128 72 235
124 73 235
125 73 235
126 73 235
128 73 235
125 74 235
126 74 235
127 74 235
128 74 235
138 74 235
138 75 235
114 69 236
114 70 236
115 70 236
125 70 236
125 71 236
126 71 236
127 71 236
128 71 236
125 72 236
128 72 236
125 73 236
128 73 236
135 73 236
125 74 236
126 74 236
127 74 236
128 74 236
138 74 236
114 68 237
114 69 237
115 69 237
116 69 237
117 69 237
118 69 237
119 69 237
120 69 237
114 70 237
115 70 237
116 70 237
117 70 237
118 70 237
119 70 237
120 70 237
121 70 237
122 70 237
123 70 237
124 70 237
125 70 237
126 70 237
114 71 237
115 71 237
116 71 237
117 71 237
118 71 237
119 71 237
120 71 237
121 71 237
122 71 237
123 71 237
124 71 237
125 71 237
126 71 237
127 71 237
128 71 237
129 71 237
130 71 237
117 72 237
118 72 237
119 72 237
120 72 237
121 72 237
122 72 237
123 72 237
124 72 237
125 72 237
126 72 237
127 72 237
128 72 237
129 72 237
130 72 237
131 72 237
132 72 237
133 72 237
134 72 237
135 72 237
121 73 237
122 73 237
123 73 237
124 73 237
125 73 237
126 73 237
127 73 237
128 73 237
129 73 237
131 73 237
132 73 237
133 73 237
134 73 237
135 73 237
136 73 237
137 73 237
138 73 237
139 73 237
125 74 237
126 74 237
127 74 237
128 74 237
129 74 237
130 74 237
131 74 237
132 74 237
133 74 237
134 74 237
135 74 237
136 74 237
137 74 237
138 74 237
139 74 237
132 75 237
133 75 237
134 75 237
135 75 237
136 75 237
137 75 237
138 75 237
137 76 237
138 76 237
116 69 238
117 69 238
118 69 238
119 69 238
115 70 238
117 70 238
118 70 238
119 70 238
120 70 238
121 70 238
122 70 238
123 70 238
124 70 238
125 70 238
126 70 238
116 71 238
117 71 238
118 71 238
119 71 238
125 71 238
126 71 238
127 71 238
128 71 238
129 71 238
130 71 238
117 72 238
118 72 238
119 72 238
121 72 238
125 72 238
128 72 238
131 72 238
132 72 238
133 72 238
134 72 238
123 73 238
124 73 238
125 73 238
127 73 238
128 73 238
133 73 238
134 73 238
135 73 238
136 73 238
137 73 238
126 74 238
127 74 238
128 74 238
130 74 238
131 74 238
133 74 238
134 74 238
135 74 238
137 74 238
138 74 238
132 75 238
133 75 238
134 75 238
135 75 238
136 75 238
138 75 238
119 69 239
120 69 239
119 70 239
120 70 239
121 70 239
122 70 239
123 70 239
124 70 239
125 70 239
119 71 239
120 71 239
121 71 239
122 71 239
125 71 239
126 71 239
127 71 239
128 71 239
129 71 239
130 71 239
119 72 239
120 72 239
121 72 239
122 72 239
125 72 239
128 72 239
131 72 239
132 72 239
133 72 239
134 72 239
121 73 239
122 73 239
123 73 239
125 73 239
126 73 239
128 73 239
131 73 239
132 73 239
133 73 239
134 73 239
126 74 239
127 74 239
129 74 239
130 74 239
131 74 239
132 74 239
133 74 239
131 75 239
132 75 239
133 75 239
122 70 240
123 70 240
124 70 240
125 70 240
126 70 240
123 71 240
124 71 240
125 71 240
126 71 240
127 71 240
128 71 240
129 71 240
130 71 240
122 72 240
123 72 240
124 72 240
125 72 240
126 72 240
127 72 240
128 72 240
129 72 240
130 72 240
131 72 240
122 73 240
123 73 240
124 73 240
125 73 240
126 73 240
127 73 240
128 73 240
129 73 240
125 74 240
126 74 240
127 74 240
128 74 240
129 74 240
130 74 240
125 70 241
126 70 241
125 71 241
126 71 241
127 71 241
128 71 241
125 72 241
126 72 241
128 72 241
124 73 241
125 73 241
127 73 241
128 73 241
125 74 241
126 74 241
127 74 241
125 70 242
125 71 242
126 71 242
127 71 242
128 71 242
125 72 242
128 72 242
124 73 242
125 73 242
126 73 242
128 73 242
126 74 242
127 74 242
120 46 243
121 46 243
120 47 243
121 47 243
120 48 243
121 48 243
120 49 243
121 49 243
119 50 243
120 50 243
121 50 243
140 50 243
141 50 243
119 51 243
120 51 243
140 51 243
141 51 243
119 52 243
120 52 243
140 52 243
141 52 243
119 53 243
120 53 243
140 53 243
141 53 243
119 54 243
120 54 243
139 54 243
140 54 243
119 55 243
120 55 243
139 55 243
140 55 243
118 56 243
119 56 243
139 56 243
140 56 243
118 57 243
119 57 243
139 57 243
140 57 243
118 58 243
139 58 243
140 58 243
138 59 243
139 59 243
138 60 243
139 60 243
125 70 243
125 71 243
126 71 243
127 71 243
128 71 243
125 72 243
128 72 243
125 73 243
128 73 243
125 74 243
126 74 243
127 74 243
112 88 243
112 89 243
113 89 243
112 90 243
113 90 243
112 91 243
113 91 243
112 92 243
113 92 243
111 93 243
112 93 243
113 93 243
132 93 243
111 94 243
112 94 243
132 94 243
133 94 243
132 95 243
133 95 243
132 96 243
133 96 243
131 97 243
132 97 243
131 98 243
132 98 243
118 57 244
119 57 244
118 58 244
119 58 244
118 59 244
119 59 244
139 59 244
118 60 244
119 60 244
138 60 244
139 60 244
117 61 244
118 61 244
138 61 244
139 61 244
117 62 244
118 62 244
138 62 244
139 62 244
117 63 244
118 63 244
138 63 244
139 63 244
117 64 244
118 64 244
138 64 244
139 64 244
117 65 244
118 65 244
137 65 244
138 65 244
116 66 244
117 66 244
118 66 244
137 66 244
138 66 244
116 67 244
117 67 244
137 67 244
138 67 244
116 68 244
117 68 244
137 68 244
138 68 244
116 69 244
117 69 244
137 69 244
138 69 244
125 70 244
126 70 244
136 70 244
137 70 244
116 71 244
125 71 244
127 71 244
128 71 244
136 71 244
137 71 244
115 72 244
116 72 244
136 72 244
137 72 244
115 73 244
116 73 244
124 73 244
125 73 244
115 74 244
116 74 244
127 74 244
115 75 244
116 75 244
115 76 244
116 76 244
135 76 244
136 76 244
114 77 244
115 77 244
116 77 244
135 77 244
136 77 244
114 78 244
115 78 244
135 78 244
136 78 244
114 79 244
115 79 244
135 79 244
136 79 244
114 80 244
115 80 244
134 80 244
135 80 244
136 80 244
114 81 244
115 81 244
134 81 244
135 81 244
113 82 244
114 82 244
115 82 244
134 82 244
135 82 244
113 83 244
114 83 244
134 83 244
135 83 244
113 84 244
114 84 244
134 84 244
135 84 244
113 85 244
114 85 244
134 85 244
135 85 244
113 86 244
114 86 244
133 86 244
134 86 244
113 87 244
114 87 244
133 87 244
134 87 244
112 88 244
113 88 244
133 88 244
134 88 244
112 89 244
113 89 244
133 89 244
134 89 244
133 90 244
134 90 244
133 91 244
134 91 244
132 92 244
133 92 244
132 93 244
133 93 244
132 94 244
133 94 244
133 95 244
116 69 245
117 69 245
116 70 245
117 70 245
125 70 245
126 70 245
116 71 245
117 71 245
125 71 245
126 71 245
127 71 245
128 71 245
136 71 245
137 71 245
115 72 245
116 72 245
125 72 245
128 72 245
136 72 245
137 72 245
124 73 245
125 73 245
126 73 245
128 73 245
136 73 245
137 73 245
126 74 245
127 74 245
136 74 245
137 74 245
135 75 245
136 75 245
137 75 245
135 76 245
136 76 245
135 77 245
136 77 245
135 78 245
136 78 245
116 70 246
117 70 246
125 70 246
126 70 246
127 70 246
125 71 246
126 71 246
127 71 246
128 71 246
125 72 246
128 72 246
125 73 246
126 73 246
128 73 246
125 74 246
126 74 246
136 74 246
116 70 247
117 70 247
125 70 247
126 70 247
125 71 247
126 71 247
127 71 247
128 71 247
125 72 247
126 72 247
127 72 247
128 72 247
124 73 247
125 73 247
126 73 247
127 73 247
128 73 247
126 74 247
127 74 247
128 74 247
136 74 247
116 70 248
117 70 248
124 70 248
125 70 248
124 71 248
125 71 248
126 71 248
127 71 248
128 71 248
129 71 248
123 72 248
124 72 248
125 72 248
126 72 248
127 72 248
129 72 248
123 73 248
124 73 248
125 73 248
127 73 248
129 73 248
127 74 248
128 74 248
129 74 248
136 74 248
116 70 249
117 70 249
123 70 249
124 70 249
125 70 249
122 71 249
123 71 249
124 71 249
126 71 249
127 71 249
128 71 249
129 71 249
130 71 249
122 72 249
123 72 249
124 72 249
125 72 249
126 72 249
127 72 249
129 72 249
130 72 249
122 73 249
123 73 249
124 73 249
125 73 249
126 73 249
127 73 249
129 73 249
130 73 249
127 74 249
128 74 249
129 74 249
130 74 249
136 74 249
116 69 250
117 69 250
118 69 250
119 69 250
120 69 250
116 70 250
117 70 250
118 70 250
119 70 250
120 70 250
121 70 250
122 70 250
123 70 250
124 70 250
125 70 250
116 71 250
117 71 250
118 71 250
119 71 250
120 71 250
121 71 250
122 71 250
123 71 250
124 71 250
125 71 250
126 71 250
127 71 250
128 71 250
129 71 250
130 71 250
118 72 250
119 72 250
120 72 250
121 72 250
122 72 250
123 72 250
124 72 250
125 72 250
126 72 250
127 72 250
128 72 250
129 72 250
130 72 250
131 72 250
132 72 250
133 72 250
134 72 250
121 73 250
122 73 250
123 73 250
124 73 250
125 73 250
126 73 250
127 73 250
128 73 250
129 73 250
130 73 250
131 73 250
132 73 250
133 73 250
134 73 250
135 73 250
136 73 250
137 73 250
127 74 250
128 74 250
129 74 250
130 74 250
131 74 250
132 74 250
133 74 250
134 74 250
135 74 250
136 74 250
130 75 250
131 75 250
132 75 250
133 75 250
134 75 250
135 75 250
136 75 250
117 69 251
118 69 251
117 70 251
118 70 251
120 70 251
121 70 251
122 70 251
117 71 251
118 71 251
120 71 251
121 71 251
124 71 251
125 71 251
126 71 251
127 71 251
128 71 251
118 72 251
119 72 251
120 72 251
121 72 251
122 72 251
124 72 251
125 72 251
127 72 251
128 72 251
130 72 251
131 72 251
132 72 251
133 72 251
134 72 251
120 73 251
122 73 251
124 73 251
125 73 251
126 73 251
127 73 251
128 73 251
132 73 251
134 73 251
135 73 251
136 73 251
128 74 251
129 74 251
130 74 251
131 74 251
132 74 251
136 74 251
131 75 251
132 75 251
134 75 251
135 75 251
136 75 251
119 70 252
120 70 252
121 70 252
122 70 252
123 70 252
124 70 252
125 70 252
119 71 252
120 71 252
121 71 252
122 71 252
123 71 252
124 71 252
125 71 252
126 71 252
127 71 252
128 71 252
129 71 252
130 71 252
118 72 252
119 72 252
120 72 252
121 72 252
122 72 252
123 72 252
124 72 252
128 72 252
129 72 252
130 72 252
131 72 252
132 72 252
133 72 252
134 72 252
122 73 252
123 73 252
124 73 252
125 73 252
126 73 252
127 73 252
128 73 252
129 73 252
130 73 252
131 73 252
132 73 252
133 73 252
134 73 252
127 74 252
128 74 252
129 74 252
130 74 252
131 74 252
132 74 252
133 74 252
132 75 252
133 75 252
134 75 252
118 70 253
119 70 253
121 70 253
122 70 253
123 70 253
118 71 253
119 71 253
121 71 253
122 71 253
123 71 253
118 72 253
119 72 253
120 72 253
121 72 253
122 72 253
130 72 253
131 72 253
132 72 253
133 72 253
130 73 253
131 73 253
134 73 253
130 74 253
131 74 253
132 74 253
133 74 253
134 74 253
133 75 253
134 75 253
119 46 254
118 47 254
119 47 254
118 48 254
118 49 254
118 50 254
118 51 254
142 51 254
143 51 254
118 52 254
142 52 254
142 53 254
142 54 254
142 55 254
141 56 254
142 56 254
141 57 254
117 69 254
118 69 254
117 70 254
118 70 254
119 70 254
120 70 254
121 70 254
117 71 254
118 71 254
119 71 254
120 71 254
121 71 254
118 72 254
119 72 254
120 72 254
121 72 254
131 72 254
132 72 254
133 72 254
131 73 254
132 73 254
133 73 254
134 73 254
135 73 254
136 73 254
131 74 254
132 74 254
133 74 254
134 74 254
135 74 254
133 75 254
134 75 254
135 75 254
118 51 255
118 52 255
117 53 255
118 53 255
117 54 255
117 55 255
117 56 255
117 57 255
141 57 255
117 58 255
141 58 255
116 59 255
141 59 255
116 60 255
141 60 255
116 61 255
140 61 255
141 61 255
116 62 255
140 62 255
116 63 255
140 63 255
115 64 255
116 64 255
140 64 255
115 65 255
140 65 255
115 66 255
140 66 255
115 67 255
139 67 255
140 67 255
115 68 255
139 68 255
116 69 255
117 69 255
139 69 255
116 70 255
117 70 255
118 70 255
119 70 255
120 70 255
139 70 255
114 71 255
115 71 255
116 71 255
117 71 255
118 71 255
119 71 255
139 71 255
114 72 255
119 72 255
114 73 255
133 73 255
134 73 255
135 73 255
136 73 255
137 73 255
138 73 255
114 74 255
133 74 255
134 74 255
135 74 255
136 74 255
113 75 255
114 75 255
134 75 255
135 75 255
136 75 255
138 75 255
113 76 255
137 76 255
138 76 255
113 77 255
137 77 255
113 78 255
137 78 255
113 79 255
137 79 255
112 80 255
113 80 255
137 80 255
112 81 255
137 81 255
112 82 255
137 82 255
112 83 255
136 83 255
137 83 255
112 84 255
136 84 255
111 85 255
112 85 255
136 85 255
111 86 255
136 86 255
111 87 255
136 87 255
111 88 255
135 88 255
136 88 255
111 89 255
135 89 255
110 90 255
111 90 255
135 90 255
110 91 255
135 91 255
110 92 255
135 92 255
110 93 255
135 93 255
134 94 255
135 94 255
134 95 255
134 96 255
134 97 255
134 98 255
134 99 255
115 67 256
115 68 256
114 69 256
115 69 256
116 69 256
117 69 256
114 70 256
115 70 256
116 70 256
117 70 256
118 70 256
114 71 256
115 71 256
116 71 256
117 71 256
118 71 256
139 71 256
114 72 256
138 72 256
139 72 256
114 73 256
135 73 256
136 73 256
137 73 256
138 73 256
114 74 256
134 74 256
135 74 256
136 74 256
137 74 256
138 74 256
134 75 256
135 75 256
136 75 256
137 75 256
138 75 256
138 76 256
137 77 256
138 77 256
137 78 256
137 79 256
137 80 256
115 69 257
116 69 257
115 70 257
116 70 257
115 71 257
116 71 257
136 73 257
136 74 257
137 74 257
138 74 257
136 75 257
137 75 257
149 99 263
airplane grid:
144 76 256
142 75 250
142 75 247
142 75 245
144 75 237
144 76 234
144 76 231
142 75 224
142 75 221
143 75 219
108 69 256
111 69 250
110 69 247
110 69 245
109 69 237
109 69 234
108 69 231
110 69 224
110 69 221
110 69 219