20
0 1 25
path length:26
5 24 33
5 24 34
5 24 35
5 24 36
5 24 37
5 24 38
5 24 39
5 24 40
5 24 41
5 24 42
5 24 43
5 24 44
5 24 45
5 24 46
5 24 47
5 24 48
5 24 49
5 24 50
5 24 51
5 24 52
5 24 53
5 24 54
5 24 55
5 24 56
5 24 57
5 24 58
0 2 4
path length:5
5 24 33
6 24 33
6 24 34
6 24 35
6 24 36
0 3 7
path length:8
5 24 33
6 24 33
6 24 34
6 24 35
6 24 36
6 24 37
6 24 38
6 24 39
0 4 14
path length:15
5 24 33
6 24 33
6 24 32
6 24 31
7 24 31
7 24 30
7 24 29
7 24 28
7 24 27
7 24 26
7 24 25
7 24 24
7 24 23
7 24 22
7 24 21
0 5 12
path length:13
5 24 33
6 24 33
6 24 32
6 24 31
7 24 31
7 24 30
7 24 29
7 24 28
7 24 27
7 24 26
7 24 25
7 24 24
7 24 23
0 6 9
path length:10
5 24 33
6 24 33
6 24 32
6 24 31
7 24 31
7 24 30
7 24 29
7 24 28
7 24 27
7 24 26
0 7 16
path length:17
5 24 33
6 24 33
6 24 34
6 24 35
7 24 35
7 24 36
7 24 37
7 24 38
7 24 39
7 24 40
7 24 41
7 24 42
7 24 43
7 24 44
7 24 45
7 24 46
7 24 47
0 8 18
path length:19
5 24 33
6 24 33
6 24 34
6 24 35
7 24 35
7 24 36
7 24 37
7 24 38
7 24 39
7 24 40
7 24 41
7 24 42
7 24 43
7 24 44
7 24 45
7 24 46
7 24 47
7 24 48
7 24 49
0 9 22
path length:23
5 24 33
5 24 34
5 24 35
5 24 36
5 24 37
5 24 38
5 24 39
5 24 40
5 24 41
5 24 42
5 24 43
5 24 44
5 24 45
5 24 46
6 24 46
7 24 46
7 24 47
8 24 47
8 24 48
8 24 49
8 24 50
8 24 51
8 24 52
0 10 50
path length:51
5 24 33
6 24 33
7 24 33
8 24 33
9 24 33
10 24 33
10 24 32
11 24 32
12 24 32
13 24 32
14 24 32
15 24 32
15 24 31
16 24 31
17 24 31
18 24 31
19 24 31
20 24 31
21 24 31
22 24 31
23 24 31
23 24 30
23 24 29
24 24 29
25 24 29
26 24 29
27 24 29
27 25 29
28 25 29
29 25 29
30 25 29
31 25 29
32 25 29
33 25 29
34 25 29
34 26 29
34 27 29
34 27 28
34 27 27
35 27 27
35 27 26
35 28 26
35 29 26
35 29 25
36 29 25
37 29 25
38 29 25
38 30 25
38 30 24
39 30 24
39 30 23
0 11 47
path length:48
5 24 33
6 24 33
7 24 33
8 24 33
9 24 33
10 24 33
10 24 32
11 24 32
11 24 31
12 24 31
13 24 31
14 24 31
15 24 31
16 24 31
17 24 31
18 24 31
19 24 31
20 24 31
21 24 31
22 24 31
23 24 31
24 24 31
25 24 31
26 24 31
27 24 31
28 24 31
29 24 31
30 24 31
31 24 31
31 25 31
32 25 31
33 25 31
34 25 31
35 25 31
36 25 31
36 26 31
37 26 31
38 26 31
39 26 31
39 27 31
39 27 30
39 27 29
39 28 29
39 29 29
39 30 29
39 30 28
39 30 27
39 30 26
0 12 54
path length:55
5 24 33
6 24 33
6 24 34
6 24 35
6 24 36
6 24 37
6 24 38
6 24 39
6 24 40
7 24 40
7 24 41
7 24 42
8 24 42
9 24 42
10 24 42
11 24 42
12 24 42
13 24 42
14 24 42
15 24 42
16 24 42
17 24 42
18 24 42
18 24 43
19 24 43
20 24 43
21 24 43
22 24 43
23 24 43
24 24 43
25 24 43
26 24 43
26 25 43
26 26 43
26 26 44
27 26 44
28 26 44
28 26 45
29 26 45
29 27 45
29 28 45
30 28 45
31 28 45
32 28 45
32 28 46
33 28 46
34 28 46
35 28 46
36 28 46
36 29 46
36 29 47
37 29 47
37 30 47
38 30 47
39 30 47
0 13 56
path length:57
5 24 33
6 24 33
7 24 33
8 24 33
9 24 33
9 24 34
9 24 35
9 24 36
10 24 36
11 24 36
12 24 36
12 24 37
12 24 38
13 24 38
14 24 38
15 24 38
16 24 38
17 24 38
18 24 38
18 24 39
19 24 39
20 24 39
20 24 40
21 24 40
22 24 40
23 24 40
24 24 40
24 25 40
25 25 40
25 25 41
25 25 42
26 25 42
27 25 42
28 25 42
29 25 42
30 25 42
30 26 42
30 27 42
31 27 42
32 27 42
32 27 43
33 27 43
34 27 43
34 27 44
34 28 44
35 28 44
36 28 44
37 28 44
37 29 44
38 29 44
38 30 44
38 30 45
39 30 45
39 30 46
39 30 47
39 30 48
39 30 49
0 14 61
path length:62
5 24 33
6 24 33
6 24 34
7 24 34
8 24 34
9 24 34
9 24 35
10 24 35
11 24 35
11 24 36
12 24 36
12 24 37
12 24 38
13 24 38
14 24 38
15 24 38
16 24 38
17 24 38
18 24 38
18 24 39
18 24 40
19 24 40
20 24 40
21 24 40
22 24 40
23 24 40
24 24 40
24 25 40
25 25 40
26 25 40
26 25 41
26 25 42
26 25 43
26 25 44
26 26 44
27 26 44
27 26 45
28 26 45
29 26 45
30 26 45
31 26 45
32 26 45
32 27 45
33 27 45
33 27 44
33 28 44
34 28 44
34 28 45
34 28 46
34 29 46
35 29 46
35 29 47
36 29 47
37 29 47
37 29 48
38 29 48
38 29 49
39 29 49
39 29 50
39 29 51
39 29 52
39 30 52
0 15 53
path length:54
5 24 33
6 24 33
6 24 32
7 24 32
8 24 32
9 24 32
10 24 32
11 24 32
12 24 32
13 24 32
14 24 32
15 24 32
16 24 32
17 24 32
17 24 31
18 24 31
19 24 31
20 24 31
21 24 31
22 24 31
23 24 31
23 24 30
24 24 30
25 24 30
26 24 30
27 24 30
28 24 30
28 24 29
28 24 28
29 24 28
30 24 28
30 25 28
31 25 28
32 25 28
32 25 27
33 25 27
34 25 27
34 26 27
34 26 26
34 27 26
34 27 25
35 27 25
35 27 24
36 27 24
37 27 24
37 28 24
38 28 24
38 29 24
38 29 23
39 29 23
39 29 22
39 29 21
40 29 21
40 30 21
0 16 50
path length:51
5 24 33
6 24 33
6 24 34
7 24 34
8 24 34
8 24 35
9 24 35
10 24 35
11 24 35
11 24 36
12 24 36
13 24 36
13 24 37
14 24 37
15 24 37
16 24 37
17 24 37
18 24 37
19 24 37
20 24 37
21 24 37
22 24 37
23 24 37
24 24 37
24 24 36
24 25 36
25 25 36
26 25 36
27 25 36
28 25 36
28 26 36
28 27 36
28 27 37
29 27 37
30 27 37
31 27 37
31 27 38
32 27 38
33 27 38
34 27 38
35 27 38
36 27 38
37 27 38
38 27 38
38 28 38
39 28 38
39 29 38
39 30 38
40 30 38
41 30 38
41 30 39
0 17 47
path length:48
5 24 33
6 24 33
7 24 33
8 24 33
9 24 33
10 24 33
10 24 32
11 24 32
12 24 32
13 24 32
14 24 32
15 24 32
16 24 32
17 24 32
18 24 32
19 24 32
20 24 32
21 24 32
22 24 32
23 24 32
24 24 32
24 24 33
25 24 33
26 24 33
26 25 33
27 25 33
28 25 33
29 25 33
30 25 33
31 25 33
32 25 33
33 25 33
34 25 33
34 26 33
34 27 33
34 28 33
34 29 33
34 30 33
34 30 32
35 30 32
36 30 32
37 30 32
38 30 32
39 30 32
40 30 32
41 30 32
41 31 32
41 31 33
0 18 48
path length:49
5 24 33
6 24 33
7 24 33
8 24 33
9 24 33
10 24 33
10 24 32
11 24 32
12 24 32
13 24 32
14 24 32
15 24 32
16 24 32
17 24 32
18 24 32
19 24 32
20 24 32
21 24 32
22 24 32
23 24 32
24 24 32
25 24 32
26 24 32
26 25 32
27 25 32
28 25 32
28 26 32
29 26 32
30 26 32
31 26 32
31 27 32
32 27 32
33 27 32
34 27 32
35 27 32
36 27 32
37 27 32
37 28 32
37 28 33
38 28 33
39 28 33
39 29 33
39 29 34
39 29 35
40 29 35
40 29 36
40 30 36
41 30 36
41 31 36
0 19 68
path length:69
5 24 33
6 24 33
6 24 34
7 24 34
8 24 34
8 24 35
9 24 35
9 24 36
10 24 36
10 24 37
10 24 38
10 24 39
10 24 40
11 24 40
11 24 41
12 24 41
13 24 41
14 24 41
15 24 41
15 24 42
16 24 42
16 24 43
16 24 44
17 24 44
17 24 45
17 24 46
17 24 47
17 24 48
18 24 48
19 24 48
19 24 49
19 24 50
19 24 51
20 24 51
21 24 51
22 24 51
23 24 51
23 24 52
24 24 52
24 24 53
24 24 54
24 24 55
24 24 56
25 24 56
26 24 56
27 24 56
28 24 56
29 24 56
30 24 56
31 24 56
32 24 56
33 24 56
33 25 56
33 25 57
34 25 57
35 25 57
35 26 57
35 27 57
36 27 57
37 27 57
38 27 57
38 28 57
38 28 58
39 28 58
39 29 58
39 30 58
39 31 58
40 31 58
41 31 58
1 2 23
path length:24
5 24 58
6 24 58
6 24 57
6 24 56
6 24 55
6 24 54
6 24 53
6 24 52
6 24 51
6 24 50
6 24 49
6 24 48
6 24 47
6 24 46
6 24 45
6 24 44
6 24 43
6 24 42
6 24 41
6 24 40
6 24 39
6 24 38
6 24 37
6 24 36
1 3 20
path length:21
5 24 58
6 24 58
6 24 57
6 24 56
6 24 55
6 24 54
6 24 53
6 24 52
6 24 51
6 24 50
6 24 49
6 24 48
6 24 47
6 24 46
6 24 45
6 24 44
6 24 43
6 24 42
6 24 41
6 24 40
6 24 39
1 4 39
path length:40
5 24 58
6 24 58
6 24 57
6 24 56
7 24 56
7 24 55
7 24 54
7 24 53
7 24 52
7 24 51
7 24 50
7 24 49
7 24 48
7 24 47
7 24 46
7 24 45
7 24 44
7 24 43
7 24 42
7 24 41
7 24 40
7 24 39
7 24 38
7 24 37
7 24 36
7 24 35
7 24 34
7 24 33
7 24 32
7 24 31
7 24 30
7 24 29
7 24 28
7 24 27
7 24 26
7 24 25
7 24 24
7 24 23
7 24 22
7 24 21
1 5 37
path length:38
5 24 58
6 24 58
6 24 57
6 24 56
7 24 56
7 24 55
7 24 54
7 24 53
7 24 52
7 24 51
7 24 50
7 24 49
7 24 48
7 24 47
7 24 46
7 24 45
7 24 44
7 24 43
7 24 42
7 24 41
7 24 40
7 24 39
7 24 38
7 24 37
7 24 36
7 24 35
7 24 34
7 24 33
7 24 32
7 24 31
7 24 30
7 24 29
7 24 28
7 24 27
7 24 26
7 24 25
7 24 24
7 24 23
1 6 34
path length:35
5 24 58
6 24 58
6 24 57
6 24 56
7 24 56
7 24 55
7 24 54
7 24 53
7 24 52
7 24 51
7 24 50
7 24 49
7 24 48
7 24 47
7 24 46
7 24 45
7 24 44
7 24 43
7 24 42
7 24 41
7 24 40
7 24 39
7 24 38
7 24 37
7 24 36
7 24 35
7 24 34
7 24 33
7 24 32
7 24 31
7 24 30
7 24 29
7 24 28
7 24 27
7 24 26
1 7 13
path length:14
5 24 58
6 24 58
6 24 57
6 24 56
7 24 56
7 24 55
7 24 54
7 24 53
7 24 52
7 24 51
7 24 50
7 24 49
7 24 48
7 24 47
1 8 11
path length:12
5 24 58
6 24 58
6 24 57
6 24 56
7 24 56
7 24 55
7 24 54
7 24 53
7 24 52
7 24 51
7 24 50
7 24 49
1 9 9
path length:10
5 24 58
6 24 58
6 24 57
6 24 56
6 24 55
6 24 54
7 24 54
8 24 54
8 24 53
8 24 52
1 10 75
path length:76
5 24 58
5 24 57
5 24 56
5 24 55
5 24 54
5 24 53
5 24 52
5 24 51
5 24 50
5 24 49
5 24 48
5 24 47
5 24 46
5 24 45
5 24 44
5 24 43
6 24 43
7 24 43
8 24 43
8 24 42
8 24 41
9 24 41
9 24 40
9 24 39
9 24 38
9 24 37
10 24 37
11 24 37
12 24 37
13 24 37
14 24 37
15 24 37
16 24 37
17 24 37
17 24 36
17 24 35
17 24 34
17 24 33
18 24 33
19 24 33
19 24 32
20 24 32
21 24 32
22 24 32
23 24 32
24 24 32
24 24 31
24 24 30
24 24 29
25 24 29
26 24 29
26 24 28
26 24 27
27 24 27
28 24 27
28 25 27
29 25 27
30 25 27
31 25 27
32 25 27
33 25 27
33 25 26
33 25 25
33 25 24
33 26 24
34 26 24
34 27 24
35 27 24
35 28 24
35 29 24
36 29 24
37 29 24
38 29 24
38 29 23
38 30 23
39 30 23
1 11 74
path length:75
5 24 58
6 24 58
6 24 57
6 24 56
6 24 55
7 24 55
8 24 55
9 24 55
10 24 55
11 24 55
12 24 55
13 24 55
14 24 55
15 24 55
16 24 55
17 24 55
18 24 55
19 24 55
20 24 55
21 24 55
22 24 55
23 24 55
23 25 55
24 25 55
24 26 55
25 26 55
26 26 55
27 26 55
28 26 55
28 26 54
29 26 54
30 26 54
31 26 54
31 26 53
32 26 53
32 26 52
32 26 51
32 25 51
32 25 50
32 25 49
32 25 48
32 25 47
32 25 46
32 25 45
32 25 44
32 25 43
32 25 42
33 25 42
33 26 42
33 26 41
33 26 40
33 26 39
33 26 38
33 26 37
33 26 36
33 26 35
34 26 35
34 26 34
34 26 33
34 27 33
34 27 32
34 27 31
34 27 30
34 28 30
34 29 30
35 29 30
35 29 29
35 29 28
36 29 28
37 29 28
37 29 27
37 29 26
37 30 26
38 30 26
39 30 26
1 12 51
path length:52
5 24 58
6 24 58
6 24 57
6 24 56
6 24 55
7 24 55
8 24 55
9 24 55
10 24 55
11 24 55
12 24 55
13 24 55
14 24 55
15 24 55
16 24 55
17 24 55
18 24 55
19 24 55
20 24 55
21 24 55
22 24 55
23 24 55
24 24 55
25 24 55
26 24 55
27 24 55
28 24 55
29 24 55
29 25 55
29 25 54
29 25 53
30 25 53
31 25 53
32 25 53
33 25 53
34 25 53
34 25 52
34 25 51
34 25 50
34 26 50
35 26 50
36 26 50
36 27 50
36 28 50
37 28 50
38 28 50
38 28 49
38 28 48
38 29 48
38 29 47
38 30 47
39 30 47
1 13 49
path length:50
5 24 58
6 24 58
6 24 57
6 24 56
6 24 55
7 24 55
8 24 55
9 24 55
10 24 55
11 24 55
12 24 55
13 24 55
14 24 55
15 24 55
16 24 55
17 24 55
18 24 55
19 24 55
19 24 54
20 24 54
21 24 54
22 24 54
23 24 54
24 24 54
24 24 53
25 24 53
26 24 53
27 24 53
28 24 53
29 24 53
30 24 53
30 25 53
30 25 52
31 25 52
32 25 52
33 25 52
34 25 52
34 25 51
34 25 50
35 25 50
36 25 50
37 25 50
38 25 50
39 25 50
39 26 50
39 27 50
39 28 50
39 29 50
39 30 50
39 30 49
1 14 46
path length:47
5 24 58
6 24 58
6 24 57
7 24 57
8 24 57
9 24 57
10 24 57
11 24 57
11 24 56
12 24 56
13 24 56
13 24 55
13 24 54
14 24 54
15 24 54
16 24 54
17 24 54
18 24 54
19 24 54
20 24 54
20 24 53
21 24 53
22 24 53
23 24 53
24 24 53
25 24 53
26 24 53
27 24 53
28 24 53
29 24 53
30 24 53
31 24 53
32 24 53
33 24 53
34 24 53
35 24 53
36 24 53
37 24 53
38 24 53
39 24 53
39 25 53
39 26 53
39 27 53
39 28 53
39 29 53
39 30 53
39 30 52
1 15 80
path length:81
5 24 58
6 24 58
6 24 57
6 24 56
6 24 55
7 24 55
7 24 54
7 24 53
7 24 52
7 24 51
8 24 51
9 24 51
10 24 51
11 24 51
12 24 51
13 24 51
14 24 51
15 24 51
15 24 50
16 24 50
17 24 50
18 24 50
19 24 50
20 24 50
21 24 50
21 24 49
21 24 48
22 24 48
22 24 47
23 24 47
24 24 47
24 25 47
24 25 46
25 25 46
26 25 46
26 26 46
27 26 46
28 26 46
29 26 46
29 26 45
29 26 44
30 26 44
30 27 44
30 27 43
30 27 42
31 27 42
32 27 42
33 27 42
34 27 42
35 27 42
36 27 42
36 28 42
36 28 41
36 28 40
37 28 40
37 28 39
37 29 39
37 30 39
37 30 38
37 30 37
38 30 37
38 31 37
39 31 37
40 31 37
40 31 36
40 31 35
40 31 34
40 31 33
40 31 32
40 31 31
40 31 30
40 31 29
40 31 28
40 31 27
40 31 26
40 31 25
40 30 25
40 30 24
40 30 23
40 30 22
40 30 21
1 16 61
path length:62
5 24 58
6 24 58
6 24 57
6 24 56
6 24 55
7 24 55
8 24 55
9 24 55
10 24 55
11 24 55
12 24 55
13 24 55
14 24 55
15 24 55
15 24 54
16 24 54
17 24 54
18 24 54
19 24 54
20 24 54
21 24 54
21 24 53
21 24 52
22 24 52
23 24 52
24 24 52
25 24 52
26 24 52
27 24 52
27 25 52
27 25 51
28 25 51
28 25 50
28 25 49
28 26 49
28 26 48
29 26 48
30 26 48
30 26 47
30 26 46
30 26 45
30 26 44
30 27 44
30 28 44
31 28 44
31 28 43
32 28 43
33 28 43
34 28 43
35 28 43
35 29 43
35 30 43
36 30 43
37 30 43
38 30 43
38 30 42
39 30 42
40 30 42
40 30 41
40 30 40
40 30 39
41 30 39
1 17 68
path length:69
5 24 58
6 24 58
6 24 57
7 24 57
8 24 57
8 24 56
9 24 56
10 24 56
11 24 56
12 24 56
13 24 56
13 24 55
14 24 55
14 24 54
15 24 54
16 24 54
17 24 54
17 24 53
18 24 53
18 24 52
19 24 52
20 24 52
20 24 51
20 24 50
21 24 50
22 24 50
22 24 49
23 24 49
23 24 48
24 24 48
24 24 47
24 24 46
24 25 46
25 25 46
26 25 46
27 25 46
28 25 46
29 25 46
30 25 46
30 25 45
30 25 44
30 25 43
31 25 43
31 26 43
31 26 42
31 27 42
32 27 42
33 27 42
33 27 41
33 27 40
34 27 40
34 27 39
35 27 39
35 27 38
36 27 38
36 27 37
36 28 37
36 29 37
37 29 37
38 29 37
39 29 37
39 30 37
39 31 37
40 31 37
41 31 37
41 31 36
41 31 35
41 31 34
41 31 33
1 18 67
path length:68
5 24 58
6 24 58
6 24 57
6 24 56
6 24 55
7 24 55
8 24 55
9 24 55
10 24 55
11 24 55
12 24 55
13 24 55
13 24 54
14 24 54
15 24 54
16 24 54
16 24 53
17 24 53
18 24 53
18 24 52
18 24 51
19 24 51
19 24 50
20 24 50
20 24 49
20 24 48
20 24 47
21 24 47
22 24 47
22 24 46
22 24 45
22 24 44
22 24 43
22 24 42
22 24 41
22 24 40
22 24 39
22 24 38
23 24 38
23 25 38
24 25 38
25 25 38
26 25 38
26 26 38
27 26 38
28 26 38
28 27 38
29 27 38
30 27 38
30 27 37
31 27 37
32 27 37
32 27 38
33 27 38
34 27 38
35 27 38
36 27 38
36 28 38
36 29 38
36 29 37
37 29 37
37 30 37
38 30 37
38 31 37
39 31 37
40 31 37
40 31 36
41 31 36
1 19 49
path length:50
5 24 58
6 24 58
7 24 58
8 24 58
9 24 58
10 24 58
10 24 57
11 24 57
12 24 57
12 24 56
13 24 56
13 24 55
14 24 55
15 24 55
16 24 55
17 24 55
18 24 55
19 24 55
20 24 55
21 24 55
22 24 55
23 24 55
24 24 55
25 24 55
26 24 55
26 24 56
27 24 56
27 25 56
28 25 56
29 25 56
30 25 56
31 25 56
32 25 56
32 25 57
33 25 57
33 26 57
34 26 57
35 26 57
35 27 57
36 27 57
37 27 57
38 27 57
38 27 58
38 28 58
38 29 58
38 30 58
38 31 58
39 31 58
40 31 58
41 31 58
2 3 3
path length:4
6 24 36
6 24 37
6 24 38
6 24 39
2 4 16
path length:17
6 24 36
7 24 36
7 24 35
7 24 34
7 24 33
7 24 32
7 24 31
7 24 30
7 24 29
7 24 28
7 24 27
7 24 26
7 24 25
7 24 24
7 24 23
7 24 22
7 24 21
2 5 14
path length:15
6 24 36
7 24 36
7 24 35
7 24 34
7 24 33
7 24 32
7 24 31
7 24 30
7 24 29
7 24 28
7 24 27
7 24 26
7 24 25
7 24 24
7 24 23
2 6 11
path length:12
6 24 36
7 24 36
7 24 35
7 24 34
7 24 33
7 24 32
7 24 31
7 24 30
7 24 29
7 24 28
7 24 27
7 24 26
2 7 12
path length:13
6 24 36
7 24 36
7 24 37
7 24 38
7 24 39
7 24 40
7 24 41
7 24 42
7 24 43
7 24 44
7 24 45
7 24 46
7 24 47
2 8 14
path length:15
6 24 36
7 24 36
7 24 37
7 24 38
7 24 39
7 24 40
7 24 41
7 24 42
7 24 43
7 24 44
7 24 45
7 24 46
7 24 47
7 24 48
7 24 49
2 9 18
path length:19
6 24 36
7 24 36
7 24 37
7 24 38
8 24 38
8 24 39
8 24 40
8 24 41
8 24 42
8 24 43
8 24 44
8 24 45
8 24 46
8 24 47
8 24 48
8 24 49
8 24 50
8 24 51
8 24 52
2 10 52
path length:53
6 24 36
7 24 36
7 24 35
7 24 34
7 24 33
8 24 33
9 24 33
10 24 33
10 24 32
11 24 32
12 24 32
13 24 32
14 24 32
15 24 32
16 24 32
17 24 32
18 24 32
19 24 32
20 24 32
21 24 32
22 24 32
23 24 32
24 24 32
25 24 32
26 24 32
27 24 32
28 24 32
28 25 32
29 25 32
30 25 32
30 26 32
30 26 31
30 27 31
31 27 31
32 27 31
33 27 31
33 27 30
34 27 30
35 27 30
36 27 30
36 27 29
37 27 29
37 27 28
37 27 27
37 27 26
37 28 26
37 29 26
37 30 26
37 30 25
38 30 25
39 30 25
39 30 24
39 30 23
2 11 49
path length:50
6 24 36
7 24 36
7 24 35
7 24 34
7 24 33
8 24 33
9 24 33
10 24 33
10 24 32
11 24 32
12 24 32
13 24 32
14 24 32
15 24 32
16 24 32
17 24 32
18 24 32
19 24 32
20 24 32
21 24 32
22 24 32
23 24 32
24 24 32
25 24 32
26 24 32
26 25 32
27 25 32
28 25 32
29 25 32
29 26 32
30 26 32
31 26 32
32 26 32
33 26 32
33 27 32
33 28 32
33 29 32
34 29 32
35 29 32
35 30 32
35 30 31
36 30 31
37 30 31
37 30 30
37 30 29
37 30 28
38 30 28
39 30 28
39 30 27
39 30 26
2 12 50
path length:51
6 24 36
7 24 36
7 24 37
7 24 38
7 24 39
8 24 39
8 24 40
9 24 40
10 24 40
11 24 40
11 24 41
11 24 42
12 24 42
13 24 42
14 24 42
14 24 43
14 24 44
15 24 44
16 24 44
17 24 44
18 24 44
19 24 44
20 24 44
20 24 45
21 24 45
22 24 45
23 24 45
23 24 46
24 24 46
24 25 46
25 25 46
26 25 46
27 25 46
28 25 46
28 26 46
29 26 46
30 26 46
31 26 46
32 26 46
32 27 46
32 28 46
33 28 46
34 28 46
35 28 46
35 29 46
35 29 47
35 30 47
36 30 47
37 30 47
38 30 47
39 30 47
2 13 54
path length:55
6 24 36
7 24 36
7 24 37
8 24 37
9 24 37
10 24 37
11 24 37
12 24 37
13 24 37
14 24 37
15 24 37
16 24 37
17 24 37
18 24 37
18 24 38
19 24 38
20 24 38
20 24 39
21 24 39
22 24 39
23 24 39
24 24 39
24 25 39
24 25 40
25 25 40
25 25 41
25 25 42
25 25 43
26 25 43
26 26 43
27 26 43
28 26 43
29 26 43
30 26 43
31 26 43
32 26 43
32 26 44
33 26 44
33 27 44
34 27 44
35 27 44
36 27 44
36 27 45
37 27 45
38 27 45
38 27 44
38 28 44
39 28 44
39 28 45
39 28 46
39 29 46
39 29 47
39 30 47
39 30 48
39 30 49
2 14 57
path length:58
6 24 36
7 24 36
7 25 36
7 25 37
8 25 37
8 25 38
9 25 38
9 25 39
9 25 40
9 25 41
9 25 42
10 25 42
11 25 42
12 25 42
13 25 42
13 25 43
13 25 44
14 25 44
15 25 44
16 25 44
17 25 44
18 25 44
19 25 44
20 25 44
21 25 44
21 24 44
22 24 44
22 24 45
23 24 45
23 25 45
24 25 45
24 25 46
24 25 47
25 25 47
25 25 48
25 25 49
25 25 50
26 25 50
27 25 50
27 25 51
27 25 52
28 25 52
29 25 52
30 25 52
31 25 52
31 26 52
32 26 52
33 26 52
34 26 52
35 26 52
36 26 52
37 26 52
38 26 52
39 26 52
39 27 52
39 28 52
39 29 52
39 30 52
2 15 55
path length:56
6 24 36
7 24 36
7 24 35
7 24 34
7 24 33
8 24 33
9 24 33
10 24 33
10 24 32
11 24 32
12 24 32
13 24 32
14 24 32
15 24 32
16 24 32
17 24 32
17 24 31
18 24 31
19 24 31
20 24 31
21 24 31
22 24 31
23 24 31
24 24 31
25 24 31
26 24 31
27 24 31
28 24 31
29 24 31
29 25 31
29 26 31
30 26 31
31 26 31
31 26 30
32 26 30
32 27 30
33 27 30
34 27 30
34 27 29
34 27 28
34 27 27
34 27 26
34 27 25
35 27 25
36 27 25
37 27 25
37 27 24
38 27 24
39 27 24
39 27 23
39 28 23
39 29 23
39 29 22
40 29 22
40 30 22
40 30 21
2 16 44
path length:45
6 24 36
7 24 36
7 24 37
8 24 37
9 24 37
10 24 37
11 24 37
12 24 37
13 24 37
14 24 37
15 24 37
16 24 37
17 24 37
18 24 37
19 24 37
20 24 37
21 24 37
22 24 37
23 24 37
24 24 37
25 24 37
26 24 37
27 24 37
28 24 37
28 25 37
29 25 37
30 25 37
31 25 37
31 26 37
31 27 37
31 28 37
32 28 37
33 28 37
34 28 37
35 28 37
36 28 37
37 28 37
38 28 37
39 28 37
39 29 37
39 30 37
39 30 38
39 30 39
40 30 39
41 30 39
2 17 47
path length:48
6 24 36
7 24 36
7 24 35
7 24 34
7 24 33
8 24 33
9 24 33
10 24 33
10 24 32
11 24 32
12 24 32
13 24 32
14 24 32
15 24 32
16 24 32
17 24 32
18 24 32
19 24 32
20 24 32
21 24 32
22 24 32
23 24 32
24 24 32
25 24 32
26 24 32
27 24 32
28 24 32
29 24 32
30 24 32
31 24 32
32 24 32
33 24 32
34 24 32
35 24 32
36 24 32
37 24 32
38 24 32
39 24 32
39 25 32
39 26 32
39 27 32
39 27 33
40 27 33
41 27 33
41 28 33
41 29 33
41 30 33
41 31 33
2 18 44
path length:45
6 24 36
7 24 36
8 24 36
9 24 36
10 24 36
11 24 36
12 24 36
13 24 36
13 24 37
14 24 37
15 24 37
16 24 37
17 24 37
18 24 37
19 24 37
20 24 37
21 24 37
22 24 37
23 24 37
24 24 37
25 24 37
26 24 37
27 24 37
28 24 37
29 24 37
30 24 37
31 24 37
32 24 37
33 24 37
34 24 37
35 24 37
36 24 37
37 24 37
38 24 37
38 25 37
38 26 37
38 27 37
38 28 37
39 28 37
40 28 37
41 28 37
41 29 37
41 30 37
41 31 37
41 31 36
2 19 64
path length:65
6 24 36
7 24 36
7 24 37
7 24 38
7 24 39
8 24 39
9 24 39
9 24 40
9 24 41
10 24 41
11 24 41
11 24 42
11 24 43
12 24 43
13 24 43
14 24 43
15 24 43
16 24 43
17 24 43
17 24 44
17 24 45
17 24 46
18 24 46
19 24 46
20 24 46
21 24 46
21 24 47
21 24 48
22 24 48
22 24 49
22 24 50
23 24 50
23 24 51
23 25 51
23 25 52
24 25 52
25 25 52
26 25 52
27 25 52
28 25 52
29 25 52
30 25 52
31 25 52
32 25 52
32 26 52
32 27 52
33 27 52
33 27 53
34 27 53
34 28 53
34 28 54
34 28 55
34 29 55
35 29 55
36 29 55
37 29 55
38 29 55
39 29 55
39 30 55
39 30 56
39 31 56
40 31 56
40 31 57
40 31 58
41 31 58
3 4 19
path length:20
6 24 39
7 24 39
7 24 38
7 24 37
7 24 36
7 24 35
7 24 34
7 24 33
7 24 32
7 24 31
7 24 30
7 24 29
7 24 28
7 24 27
7 24 26
7 24 25
7 24 24
7 24 23
7 24 22
7 24 21
3 5 17
path length:18
6 24 39
7 24 39
7 24 38
7 24 37
7 24 36
7 24 35
7 24 34
7 24 33
7 24 32
7 24 31
7 24 30
7 24 29
7 24 28
7 24 27
7 24 26
7 24 25
7 24 24
7 24 23
3 6 14
path length:15
6 24 39
7 24 39
7 24 38
7 24 37
7 24 36
7 24 35
7 24 34
7 24 33
7 24 32
7 24 31
7 24 30
7 24 29
7 24 28
7 24 27
7 24 26
3 7 9
path length:10
6 24 39
7 24 39
7 24 40
7 24 41
7 24 42
7 24 43
7 24 44
7 24 45
7 24 46
7 24 47
3 8 11
path length:12
6 24 39
7 24 39
7 24 40
7 24 41
7 24 42
7 24 43
7 24 44
7 24 45
7 24 46
7 24 47
7 24 48
7 24 49
3 9 15
path length:16
6 24 39
7 24 39
7 24 40
7 24 41
8 24 41
8 24 42
8 24 43
8 24 44
8 24 45
8 24 46
8 24 47
8 24 48
8 24 49
8 24 50
8 24 51
8 24 52
3 10 57
path length:56
6 24 39
7 24 39
7 24 38
7 24 37
7 24 36
8 24 36
9 24 36
10 24 36
10 24 35
10 24 34
10 24 33
10 24 32
11 24 32
12 24 32
13 24 32
14 24 32
15 24 32
16 24 32
17 24 32
18 24 32
19 24 32
20 24 32
21 24 32
22 24 32
23 24 32
24 24 32
25 24 32
25 24 31
25 24 30
26 24 30
27 24 30
28 24 30
28 24 29
28 24 28
29 24 28
30 24 28
30 25 28
30 26 28
31 26 28
32 26 28
32 27 28
33 27 28
34 27 28
35 27 28
35 28 28
35 29 28
36 29 28
36 29 27
36 29 26
36 29 25
37 29 25
38 29 25
38 29 24
39 29 24
39 30 24
39 30 23
3 11 52
path length:53
6 24 39
7 24 39
7 24 38
8 24 38
9 24 38
10 24 38
10 24 37
11 24 37
12 24 37
13 24 37
14 24 37
15 24 37
16 24 37
17 24 37
18 24 37
19 24 37
20 24 37
21 24 37
22 24 37
23 24 37
24 24 37
25 24 37
26 24 37
26 25 37
26 25 36
27 25 36
28 25 36
28 25 35
28 25 34
28 25 33
29 25 33
30 25 33
31 25 33
32 25 33
33 25 33
34 25 33
34 26 33
34 26 32
35 26 32
36 26 32
37 26 32
37 26 31
37 26 30
37 27 30
37 28 30
38 28 30
39 28 30
39 28 29
39 28 28
39 28 27
39 28 26
39 29 26
39 30 26
3 12 47
path length:48
6 24 39
7 24 39
7 24 40
8 24 40
9 24 40
9 24 41
10 24 41
11 24 41
12 24 41
13 24 41
13 24 42
14 24 42
15 24 42
16 24 42
17 24 42
18 24 42
18 24 43
19 24 43
20 24 43
21 24 43
22 24 43
23 24 43
24 24 43
24 25 43
25 25 43
26 25 43
26 26 43
27 26 43
28 26 43
29 26 43
30 26 43
30 26 44
31 26 44
31 26 45
32 26 45
32 27 45
33 27 45
33 28 45
33 28 46
34 28 46
34 29 46
35 29 46
35 29 47
36 29 47
37 29 47
38 29 47
39 29 47
39 30 47
3 13 49
path length:50
6 24 39
7 24 39
7 24 40
7 24 41
7 24 42
8 24 42
9 24 42
10 24 42
11 24 42
12 24 42
13 24 42
14 24 42
15 24 42
16 24 42
17 24 42
18 24 42
19 24 42
20 24 42
21 24 42
21 24 43
22 24 43
23 24 43
24 24 43
25 24 43
26 24 43
26 25 43
27 25 43
28 25 43
29 25 43
29 25 44
30 25 44
31 25 44
32 25 44
33 25 44
34 25 44
35 25 44
36 25 44
36 26 44
37 26 44
37 26 45
37 27 45
37 27 46
37 27 47
37 28 47
37 29 47
37 29 48
38 29 48
38 29 49
38 30 49
39 30 49
3 14 52
path length:53
6 24 39
7 24 39
7 24 40
7 24 41
7 24 42
8 24 42
9 24 42
10 24 42
10 24 43
11 24 43
12 24 43
13 24 43
14 24 43
15 24 43
15 24 44
16 24 44
17 24 44
18 24 44
19 24 44
20 24 44
21 24 44
22 24 44
23 24 44
23 24 45
23 24 46
23 24 47
23 24 48
23 24 49
24 24 49
25 24 49
26 24 49
27 24 49
27 25 49
28 25 49
29 25 49
29 26 49
30 26 49
31 26 49
32 26 49
32 27 49
33 27 49
34 27 49
34 27 50
35 27 50
35 27 51
35 28 51
36 28 51
36 29 51
36 30 51
37 30 51
37 30 52
38 30 52
39 30 52
3 15 58
path length:59
6 24 39
7 24 39
7 24 38
7 24 37
7 24 36
8 24 36
8 24 35
8 24 34
9 24 34
9 24 33
9 24 32
9 24 31
10 24 31
11 24 31
12 24 31
13 24 31
14 24 31
15 24 31
16 24 31
17 24 31
18 24 31
19 24 31
20 24 31
21 24 31
22 24 31
23 24 31
24 24 31
25 24 31
26 24 31
27 24 31
28 24 31
28 24 30
28 24 29
28 24 28
28 24 27
29 24 27
29 25 27
30 25 27
31 25 27
31 25 26
31 25 25
31 26 25
32 26 25
32 27 25
32 28 25
33 28 25
34 28 25
35 28 25
36 28 25
36 29 25
36 29 24
37 29 24
38 29 24
38 29 23
38 29 22
38 29 21
38 30 21
39 30 21
40 30 21
3 16 45
path length:46
6 24 39
7 24 39
8 24 39
9 24 39
10 24 39
10 23 39
10 22 39
11 22 39
12 22 39
13 22 39
14 22 39
15 22 39
16 22 39
17 22 39
18 22 39
19 22 39
20 22 39
21 22 39
22 22 39
23 22 39
24 22 39
25 22 39
26 22 39
27 22 39
28 22 39
29 22 39
30 22 39
31 22 39
32 22 39
33 22 39
34 22 39
34 23 39
34 24 39
34 25 39
34 26 39
34 27 39
35 27 39
36 27 39
37 27 39
38 27 39
39 27 39
40 27 39
41 27 39
41 28 39
41 29 39
41 30 39
3 17 50
path length:51
6 24 39
7 24 39
7 24 38
8 24 38
9 24 38
10 24 38
10 24 37
11 24 37
12 24 37
13 24 37
14 24 37
15 24 37
16 24 37
17 24 37
18 24 37
19 24 37
19 24 36
20 24 36
21 24 36
21 24 35
22 24 35
23 24 35
23 24 34
24 24 34
25 24 34
26 24 34
26 25 34
27 25 34
28 25 34
28 26 34
29 26 34
30 26 34
31 26 34
32 26 34
32 26 33
33 26 33
33 27 33
34 27 33
34 27 32
35 27 32
35 28 32
35 29 32
35 30 32
35 31 32
36 31 32
37 31 32
38 31 32
39 31 32
40 31 32
40 31 33
41 31 33
3 18 45
path length:46
6 24 39
7 24 39
7 24 38
8 24 38
9 24 38
10 24 38
10 24 37
11 24 37
12 24 37
13 24 37
14 24 37
15 24 37
16 24 37
17 24 37
18 24 37
19 24 37
20 24 37
21 24 37
22 24 37
23 24 37
24 24 37
25 24 37
25 25 37
26 25 37
27 25 37
28 25 37
29 25 37
30 25 37
31 25 37
32 25 37
33 25 37
34 25 37
35 25 37
36 25 37
37 25 37
38 25 37
39 25 37
40 25 37
41 25 37
41 26 37
41 27 37
41 28 37
41 29 37
41 30 37
41 31 37
41 31 36
3 19 63
path length:64
6 24 39
7 24 39
7 24 40
7 24 41
7 24 42
8 24 42
9 24 42
10 24 42
11 24 42
12 24 42
13 24 42
14 24 42
14 24 43
14 24 44
15 24 44
15 24 45
15 24 46
16 24 46
16 24 47
17 24 47
17 24 48
18 24 48
19 24 48
19 24 49
20 24 49
20 24 50
21 24 50
22 24 50
23 24 50
24 24 50
25 24 50
26 24 50
27 24 50
27 25 50
27 26 50
28 26 50
28 26 49
29 26 49
30 26 49
30 26 50
30 26 51
30 27 51
31 27 51
32 27 51
32 27 52
33 27 52
33 27 53
34 27 53
34 28 53
34 28 54
35 28 54
35 29 54
36 29 54
37 29 54
37 30 54
37 31 54
38 31 54
38 31 55
39 31 55
39 31 56
39 31 57
40 31 57
41 31 57
41 31 58
4 5 2
path length:3
7 24 21
7 24 22
7 24 23
4 6 5
path length:6
7 24 21
7 24 22
7 24 23
7 24 24
7 24 25
7 24 26
4 7 26
path length:27
7 24 21
7 24 22
7 24 23
7 24 24
7 24 25
7 24 26
7 24 27
7 24 28
7 24 29
7 24 30
7 24 31
7 24 32
7 24 33
7 24 34
7 24 35
7 24 36
7 24 37
7 24 38
7 24 39
7 24 40
7 24 41
7 24 42
7 24 43
7 24 44
7 24 45
7 24 46
7 24 47
4 8 28
path length:29
7 24 21
7 24 22
7 24 23
7 24 24
7 24 25
7 24 26
7 24 27
7 24 28
7 24 29
7 24 30
7 24 31
7 24 32
7 24 33
7 24 34
7 24 35
7 24 36
7 24 37
7 24 38
7 24 39
7 24 40
7 24 41
7 24 42
7 24 43
7 24 44
7 24 45
7 24 46
7 24 47
7 24 48
7 24 49
4 9 32
path length:33
7 24 21
8 24 21
8 24 22
8 24 23
8 24 24
8 24 25
8 24 26
8 24 27
8 24 28
8 24 29
8 24 30
8 24 31
8 24 32
8 24 33
8 24 34
8 24 35
8 24 36
8 24 37
8 24 38
8 24 39
8 24 40
8 24 41
8 24 42
8 24 43
8 24 44
8 24 45
8 24 46
8 24 47
8 24 48
8 24 49
8 24 50
8 24 51
8 24 52
4 10 44
path length:45
7 24 21
8 24 21
9 24 21
10 24 21
11 24 21
12 24 21
12 24 22
13 24 22
13 24 23
14 24 23
14 24 24
15 24 24
16 24 24
17 24 24
18 24 24
19 24 24
20 24 24
20 23 24
21 23 24
22 23 24
23 23 24
24 23 24
24 24 24
25 24 24
26 24 24
27 24 24
28 24 24
29 24 24
29 25 24
30 25 24
31 25 24
31 26 24
31 27 24
32 27 24
32 28 24
33 28 24
34 28 24
35 28 24
36 28 24
37 28 24
38 28 24
39 28 24
39 29 24
39 30 24
39 30 23
4 11 45
path length:46
7 24 21
8 24 21
8 24 22
8 24 23
8 24 24
9 24 24
10 24 24
11 24 24
12 24 24
13 24 24
14 24 24
15 24 24
16 24 24
17 24 24
18 24 24
19 24 24
20 24 24
20 23 24
21 23 24
22 23 24
23 23 24
23 24 24
24 24 24
25 24 24
25 24 25
26 24 25
27 24 25
27 25 25
28 25 25
29 25 25
30 25 25
31 25 25
32 25 25
33 25 25
34 25 25
35 25 25
35 26 25
35 27 25
35 28 25
35 29 25
36 29 25
36 30 25
36 30 26
37 30 26
38 30 26
39 30 26
4 12 66
path length:67
7 24 21
8 24 21
8 24 22
8 24 23
8 24 24
9 24 24
9 24 25
9 24 26
9 24 27
10 24 27
10 24 28
10 24 29
10 24 30
10 24 31
10 24 32
10 24 33
10 24 34
10 24 35
10 24 36
10 24 37
10 24 38
10 24 39
10 24 40
11 24 40
11 24 41
12 24 41
13 24 41
14 24 41
15 24 41
15 24 42
16 24 42
17 24 42
18 24 42
18 24 43
19 24 43
20 24 43
21 24 43
22 24 43
23 24 43
24 24 43
24 24 44
25 24 44
26 24 44
27 24 44
28 24 44
29 24 44
29 25 44
29 25 45
30 25 45
31 25 45
32 25 45
32 25 44
33 25 44
33 26 44
33 27 44
33 28 44
33 29 44
34 29 44
35 29 44
35 29 45
36 29 45
36 30 45
36 30 46
37 30 46
38 30 46
38 30 47
39 30 47
4 13 68
path length:69
7 24 21
8 24 21
8 24 22
8 24 23
8 24 24
9 24 24
10 24 24
10 24 25
10 24 26
11 24 26
11 24 27
11 24 28
11 24 29
12 24 29
13 24 29
14 24 29
15 24 29
16 24 29
17 24 29
18 24 29
19 24 29
19 23 29
20 23 29
20 23 30
21 23 30
21 23 31
21 23 32
22 23 32
23 23 32
23 23 33
23 23 34
23 24 34
24 24 34
25 24 34
25 24 35
25 24 36
25 24 37
25 24 38
25 24 39
25 24 40
25 25 40
26 25 40
26 25 41
26 25 42
27 25 42
27 25 43
27 25 44
27 26 44
27 27 44
27 27 45
28 27 45
29 27 45
30 27 45
31 27 45
32 27 45
32 28 45
32 28 46
33 28 46
34 28 46
34 29 46
34 30 46
35 30 46
35 30 47
36 30 47
36 30 48
37 30 48
38 30 48
38 30 49
39 30 49
4 14 71
path length:72
7 24 21
8 24 21
9 24 21
10 24 21
11 24 21
12 24 21
12 24 22
12 24 23
12 24 24
12 24 25
12 24 26
12 25 26
12 25 27
13 25 27
13 25 28
13 25 29
14 25 29
15 25 29
16 25 29
17 25 29
17 25 30
18 25 30
18 25 31
19 25 31
20 25 31
21 25 31
21 24 31
21 24 32
22 24 32
22 24 33
22 24 34
22 24 35
22 24 36
22 24 37
22 24 38
22 24 39
22 24 40
22 24 41
23 24 41
23 24 42
23 24 43
23 24 44
23 24 45
23 25 45
24 25 45
24 25 46
24 25 47
25 25 47
25 25 48
26 25 48
26 25 49
26 26 49
27 26 49
28 26 49
29 26 49
29 27 49
29 28 49
29 28 50
30 28 50
31 28 50
32 28 50
32 28 51
33 28 51
34 28 51
34 29 51
34 29 52
35 29 52
35 30 52
36 30 52
37 30 52
38 30 52
39 30 52
4 15 45
path length:46
7 24 21
8 24 21
9 24 21
10 24 21
11 24 21
12 24 21
12 24 20
13 24 20
14 24 20
15 24 20
16 24 20
17 24 20
18 24 20
19 24 20
20 24 20
20 24 21
20 23 21
21 23 21
22 23 21
23 23 21
24 23 21
25 23 21
26 23 21
27 23 21
28 23 21
29 23 21
30 23 21
31 23 21
32 23 21
32 24 21
32 25 21
32 26 21
32 27 21
32 28 21
32 28 20
33 28 20
34 28 20
35 28 20
36 28 20
37 28 20
38 28 20
39 28 20
40 28 20
40 29 20
40 30 20
40 30 21
4 16 60
path length:61
7 24 21
8 24 21
8 24 22
8 24 23
8 24 24
9 24 24
10 24 24
11 24 24
11 24 25
11 24 26
11 24 27
11 24 28
12 24 28
13 24 28
13 24 29
14 24 29
15 24 29
16 24 29
16 24 30
17 24 30
17 24 31
18 24 31
19 24 31
20 24 31
21 24 31
22 24 31
22 24 32
22 24 33
23 24 33
23 24 34
24 24 34
25 24 34
25 25 34
25 25 35
26 25 35
26 26 35
27 26 35
28 26 35
29 26 35
29 26 36
30 26 36
31 26 36
31 26 37
32 26 37
33 26 37
33 27 37
33 28 37
34 28 37
34 28 38
35 28 38
36 28 38
37 28 38
37 28 39
37 28 40
38 28 40
38 29 40
39 29 40
39 29 39
40 29 39
41 29 39
41 30 39
4 17 53
path length:54
7 24 21
8 24 21
8 24 22
8 24 23
8 24 24
9 24 24
10 24 24
11 24 24
12 24 24
12 24 25
12 24 26
12 24 27
12 24 28
13 24 28
13 24 29
13 24 30
13 24 31
14 24 31
15 24 31
16 24 31
17 24 31
18 24 31
19 24 31
20 24 31
21 24 31
22 24 31
23 24 31
24 24 31
25 24 31
26 24 31
27 24 31
28 24 31
29 24 31
30 24 31
30 25 31
30 26 31
30 27 31
31 27 31
32 27 31
32 28 31
33 28 31
34 28 31
35 28 31
36 28 31
36 29 31
36 30 31
36 31 31
37 31 31
38 31 31
38 31 32
39 31 32
40 31 32
41 31 32
41 31 33
4 18 58
path length:59
7 24 21
8 24 21
8 24 22
8 24 23
8 24 24
9 24 24
9 24 25
10 24 25
10 24 26
10 24 27
11 24 27
11 25 27
11 25 28
11 25 29
11 25 30
12 25 30
13 25 30
13 25 31
14 25 31
15 25 31
16 25 31
17 25 31
18 25 31
19 25 31
20 25 31
21 25 31
21 24 31
22 24 31
23 24 31
24 24 31
25 24 31
26 24 31
27 24 31
28 24 31
29 24 31
30 24 31
31 24 31
32 24 31
32 25 31
32 25 32
33 25 32
33 26 32
34 26 32
35 26 32
35 27 32
36 27 32
37 27 32
37 27 33
37 28 33
37 29 33
38 29 33
38 29 34
38 30 34
39 30 34
39 30 35
39 31 35
40 31 35
40 31 36
41 31 36
4 19 78
path length:79
7 24 21
8 24 21
8 24 22
8 24 23
8 24 24
8 24 25
8 24 26
8 24 27
8 24 28
8 24 29
8 24 30
8 24 31
8 24 32
9 24 32
10 24 32
10 24 33
10 24 34
10 24 35
10 24 36
10 24 37
10 24 38
10 24 39
10 24 40
11 24 40
11 24 41
12 24 41
13 24 41
13 24 42
14 24 42
14 24 43
15 24 43
15 24 44
16 24 44
16 24 45
16 24 46
17 24 46
18 24 46
19 24 46
19 24 47
20 24 47
20 24 48
20 24 49
20 24 50
21 24 50
22 24 50
22 24 51
23 24 51
23 24 52
24 24 52
24 24 53
25 24 53
26 24 53
27 24 53
27 24 54
27 25 54
28 25 54
28 26 54
28 26 55
29 26 55
30 26 55
31 26 55
31 26 56
32 26 56
33 26 56
33 26 57
34 26 57
35 26 57
35 27 57
36 27 57
37 27 57
38 27 57
38 28 57
38 29 57
39 29 57
39 29 58
39 30 58
39 31 58
40 31 58
41 31 58
5 6 3
path length:4
7 24 23
7 24 24
7 24 25
7 24 26
5 7 24
path length:25
7 24 23
7 24 24
7 24 25
7 24 26
7 24 27
7 24 28
7 24 29
7 24 30
7 24 31
7 24 32
7 24 33
7 24 34
7 24 35
7 24 36
7 24 37
7 24 38
7 24 39
7 24 40
7 24 41
7 24 42
7 24 43
7 24 44
7 24 45
7 24 46
7 24 47
5 8 26
path length:27
7 24 23
7 24 24
7 24 25
7 24 26
7 24 27
7 24 28
7 24 29
7 24 30
7 24 31
7 24 32
7 24 33
7 24 34
7 24 35
7 24 36
7 24 37
7 24 38
7 24 39
7 24 40
7 24 41
7 24 42
7 24 43
7 24 44
7 24 45
7 24 46
7 24 47
7 24 48
7 24 49
5 9 30
path length:31
7 24 23
8 24 23
8 24 24
8 24 25
8 24 26
8 24 27
8 24 28
8 24 29
8 24 30
8 24 31
8 24 32
8 24 33
8 24 34
8 24 35
8 24 36
8 24 37
8 24 38
8 24 39
8 24 40
8 24 41
8 24 42
8 24 43
8 24 44
8 24 45
8 24 46
8 24 47
8 24 48
8 24 49
8 24 50
8 24 51
8 24 52
5 10 42
path length:43
7 24 23
8 24 23
9 24 23
10 24 23
11 24 23
12 24 23
13 24 23
14 24 23
14 24 24
15 24 24
16 24 24
17 24 24
18 24 24
19 24 24
20 24 24
20 23 24
21 23 24
22 23 24
23 23 24
24 23 24
25 23 24
26 23 24
27 23 24
28 23 24
29 23 24
30 23 24
31 23 24
32 23 24
33 23 24
34 23 24
35 23 24
36 23 24
37 23 24
38 23 24
39 23 24
39 23 23
39 24 23
39 25 23
39 26 23
39 27 23
39 28 23
39 29 23
39 30 23
5 11 43
path length:44
7 24 23
8 24 23
8 24 24
9 24 24
10 24 24
11 24 24
12 24 24
12 24 25
13 24 25
14 24 25
15 24 25
16 24 25
17 24 25
18 24 25
19 24 25
20 24 25
20 23 25
21 23 25
22 23 25
23 23 25
24 23 25
24 24 25
25 24 25
26 24 25
27 24 25
27 25 25
28 25 25
29 25 25
30 25 25
31 25 25
32 25 25
33 25 25
34 25 25
34 26 25
34 27 25
34 27 26
35 27 26
36 27 26
37 27 26
38 27 26
38 28 26
39 28 26
39 29 26
39 30 26
5 12 64
path length:65
7 24 23
8 24 23
8 24 24
8 24 25
8 24 26
8 24 27
8 24 28
8 24 29
8 24 30
8 24 31
8 24 32
8 24 33
8 24 34
8 24 35
8 24 36
8 24 37
9 24 37
9 24 38
9 24 39
9 24 40
9 24 41
10 24 41
11 24 41
12 24 41
13 24 41
14 24 41
14 24 42
15 24 42
16 24 42
17 24 42
17 24 43
17 24 44
17 24 45
18 24 45
19 24 45
20 24 45
21 24 45
22 24 45
23 24 45
24 24 45
24 25 45
25 25 45
26 25 45
27 25 45
28 25 45
28 26 45
29 26 45
30 26 45
30 26 46
31 26 46
32 26 46
32 26 45
33 26 45
34 26 45
35 26 45
36 26 45
37 26 45
37 26 46
37 26 47
37 27 47
38 27 47
38 28 47
39 28 47
39 29 47
39 30 47
5 13 66
path length:67
7 24 23
8 24 23
8 24 24
8 24 25
8 24 26
9 24 26
10 24 26
10 24 27
10 24 28
10 24 29
11 24 29
12 24 29
13 24 29
13 24 30
13 24 31
13 24 32
13 24 33
14 24 33
14 24 34
15 24 34
15 24 35
16 24 35
17 24 35
17 24 36
17 24 37
17 24 38
18 24 38
18 24 39
18 24 40
19 24 40
20 24 40
21 24 40
22 24 40
23 24 40
24 24 40
24 23 40
24 23 41
25 23 41
25 23 42
26 23 42
27 23 42
28 23 42
29 23 42
29 24 42
30 24 42
31 24 42
32 24 42
33 24 42
34 24 42
34 24 43
34 24 44
35 24 44
35 25 44
35 26 44
36 26 44
36 26 45
36 26 46
36 27 46
36 27 47
37 27 47
37 27 48
38 27 48
38 28 48
38 29 48
38 30 48
39 30 48
39 30 49
5 14 67
path length:68
7 24 23
7 24 24
7 24 25
7 24 26
7 24 27
7 24 28
7 24 29
7 24 30
7 24 31
8 24 31
8 24 32
9 24 32
10 24 32
11 24 32
12 24 32
13 24 32
13 24 33
14 24 33
15 24 33
15 24 34
16 24 34
17 24 34
17 24 35
18 24 35
19 24 35
20 24 35
20 24 36
20 24 37
20 24 38
20 24 39
20 24 40
20 24 41
20 24 42
20 24 43
20 24 44
20 24 45
20 24 46
20 24 47
20 24 48
20 24 49
21 24 49
22 24 49
23 24 49
24 24 49
24 24 50
25 24 50
26 24 50
27 24 50
28 24 50
29 24 50
30 24 50
31 24 50
31 25 50
32 25 50
33 25 50
34 25 50
35 25 50
36 25 50
37 25 50
37 25 51
37 25 52
37 26 52
37 27 52
37 28 52
37 29 52
37 30 52
38 30 52
39 30 52
5 15 45
path length:46
7 24 23
8 24 23
9 24 23
10 24 23
11 24 23
12 24 23
13 24 23
14 24 23
14 24 24
15 24 24
16 24 24
17 24 24
18 24 24
19 24 24
20 24 24
20 23 24
21 23 24
22 23 24
23 23 24
24 23 24
24 24 24
25 24 24
26 24 24
27 24 24
28 24 24
29 24 24
30 24 24
31 24 24
32 24 24
33 24 24
34 24 24
35 24 24
36 24 24
37 24 24
37 25 24
37 26 24
37 27 24
38 27 24
38 28 24
38 29 24
38 29 23
38 30 23
39 30 23
40 30 23
40 30 22
40 30 21
5 16 58
path length:59
7 24 23
8 24 23
8 24 24
8 24 25
8 24 26
9 24 26
10 24 26
11 24 26
11 24 27
12 24 27
13 24 27
13 24 28
14 24 28
15 24 28
16 24 28
16 24 29
17 24 29
17 24 30
18 24 30
18 24 31
19 24 31
20 24 31
21 24 31
22 24 31
22 23 31
23 23 31
24 23 31
24 24 31
25 24 31
26 24 31
26 24 32
27 24 32
28 24 32
28 24 33
28 25 33
29 25 33
29 26 33
30 26 33
31 26 33
32 26 33
33 26 33
34 26 33
34 27 33
34 27 34
34 27 35
34 28 35
35 28 35
36 28 35
36 28 36
36 29 36
36 29 37
36 29 38
37 29 38
37 29 39
38 29 39
39 29 39
40 29 39
41 29 39
41 30 39
5 17 51
path length:52
7 24 23
8 24 23
8 24 24
8 24 25
8 24 26
9 24 26
9 24 27
9 24 28
10 24 28
11 24 28
11 24 29
12 24 29
13 24 29
14 24 29
15 24 29
16 24 29
17 24 29
18 24 29
19 24 29
19 24 30
19 24 31
20 24 31
21 24 31
22 24 31
23 24 31
24 24 31
25 24 31
26 24 31
27 24 31
27 24 32
28 24 32
29 24 32
30 24 32
31 24 32
31 25 32
32 25 32
33 25 32
34 25 32
34 26 32
34 27 32
34 28 32
34 29 32
34 30 32
34 31 32
35 31 32
36 31 32
36 31 33
37 31 33
38 31 33
39 31 33
40 31 33
41 31 33
5 18 56
path length:57
7 24 23
8 24 23
8 24 24
8 24 25
8 24 26
9 24 26
9 24 27
9 24 28
9 24 29
9 24 30
10 24 30
10 24 31
11 24 31
12 24 31
13 24 31
14 24 31
15 24 31
16 24 31
17 24 31
18 24 31
19 24 31
19 24 32
19 24 33
19 24 34
19 24 35
19 24 36
20 24 36
21 24 36
22 24 36
23 24 36
24 24 36
24 25 36
25 25 36
26 25 36
27 25 36
28 25 36
29 25 36
30 25 36
31 25 36
32 25 36
33 25 36
34 25 36
35 25 36
36 25 36
37 25 36
38 25 36
38 26 36
38 27 36
38 27 37
39 27 37
40 27 37
40 28 37
40 29 37
40 30 37
40 30 36
41 30 36
41 31 36
5 19 76
path length:77
7 24 23
8 24 23
9 24 23
10 24 23
11 24 23
11 24 24
11 24 25
11 24 26
12 24 26
12 24 27
12 24 28
12 24 29
13 24 29
14 24 29
15 24 29
15 24 30
15 24 31
15 24 32
15 24 33
15 24 34
15 24 35
16 24 35
17 24 35
17 24 36
17 24 37
18 24 37
19 24 37
20 24 37
21 24 37
22 24 37
22 24 38
23 24 38
23 24 39
23 24 40
23 24 41
23 24 42
23 24 43
23 24 44
23 24 45
23 24 46
23 24 47
23 24 48
23 24 49
24 24 49
24 24 50
25 24 50
25 24 51
25 24 52
25 24 53
26 24 53
27 24 53
27 24 54
28 24 54
28 25 54
29 25 54
30 25 54
31 25 54
32 25 54
33 25 54
33 25 55
33 26 55
34 26 55
34 26 56
35 26 56
36 26 56
36 27 56
37 27 56
38 27 56
38 27 57
39 27 57
39 28 57
39 29 57
39 29 58
39 30 58
40 30 58
40 31 58
41 31 58
6 7 21
path length:22
7 24 26
7 24 27
7 24 28
7 24 29
7 24 30
7 24 31
7 24 32
7 24 33
7 24 34
7 24 35
7 24 36
7 24 37
7 24 38
7 24 39
7 24 40
7 24 41
7 24 42
7 24 43
7 24 44
7 24 45
7 24 46
7 24 47
6 8 23
path length:24
7 24 26
7 24 27
7 24 28
7 24 29
7 24 30
7 24 31
7 24 32
7 24 33
7 24 34
7 24 35
7 24 36
7 24 37
7 24 38
7 24 39
7 24 40
7 24 41
7 24 42
7 24 43
7 24 44
7 24 45
7 24 46
7 24 47
7 24 48
7 24 49
6 9 27
path length:28
7 24 26
8 24 26
8 24 27
8 24 28
8 24 29
8 24 30
8 24 31
8 24 32
8 24 33
8 24 34
8 24 35
8 24 36
8 24 37
8 24 38
8 24 39
8 24 40
8 24 41
8 24 42
8 24 43
8 24 44
8 24 45
8 24 46
8 24 47
8 24 48
8 24 49
8 24 50
8 24 51
8 24 52
6 10 43
path length:44
7 24 26
8 24 26
9 24 26
10 24 26
11 24 26
12 24 26
12 23 26
13 23 26
14 23 26
15 23 26
16 23 26
17 23 26
18 23 26
19 23 26
20 23 26
21 23 26
22 23 26
23 23 26
24 23 26
25 23 26
25 24 26
26 24 26
27 24 26
28 24 26
29 24 26
29 25 26
30 25 26
31 25 26
31 26 26
32 26 26
33 26 26
34 26 26
35 26 26
36 26 26
36 27 26
37 27 26
37 28 26
37 29 26
37 30 26
38 30 26
39 30 26
39 30 25
39 30 24
39 30 23
6 11 40
path length:41
7 24 26
8 24 26
9 24 26
10 24 26
11 24 26
12 24 26
12 23 26
13 23 26
14 23 26
15 23 26
16 23 26
17 23 26
18 23 26
19 23 26
20 23 26
21 23 26
22 23 26
23 23 26
24 23 26
25 23 26
26 23 26
27 23 26
28 23 26
29 23 26
30 23 26
31 23 26
32 23 26
33 23 26
34 23 26
35 23 26
36 23 26
37 23 26
38 23 26
39 23 26
39 24 26
39 25 26
39 26 26
39 27 26
39 28 26
39 29 26
39 30 26
6 12 61
path length:62
7 24 26
8 24 26
8 24 27
9 24 27
10 24 27
10 24 28
11 24 28
12 24 28
13 24 28
14 24 28
15 24 28
16 24 28
16 23 28
17 23 28
18 23 28
19 23 28
20 23 28
20 23 29
21 23 29
22 23 29
23 23 29
23 23 30
24 23 30
25 23 30
25 23 31
26 23 31
26 23 32
26 24 32
26 25 32
27 25 32
28 25 32
28 25 33
28 25 34
28 25 35
28 25 36
28 25 37
29 25 37
29 25 38
30 25 38
30 26 38
30 26 39
31 26 39
31 26 40
31 26 41
31 26 42
32 26 42
32 26 43
32 27 43
33 27 43
33 28 43
34 28 43
34 28 44
34 29 44
34 29 45
35 29 45
36 29 45
36 29 46
36 30 46
37 30 46
38 30 46
38 30 47
39 30 47
6 13 61
path length:62
7 24 26
8 24 26
8 24 27
8 24 28
8 24 29
9 24 29
10 24 29
11 24 29
11 24 30
11 24 31
11 24 32
12 24 32
13 24 32
13 24 33
14 24 33
14 24 34
15 24 34
15 24 35
16 24 35
17 24 35
18 24 35
19 24 35
20 24 35
20 24 36
21 24 36
22 24 36
23 24 36
24 24 36
24 25 36
25 25 36
25 25 37
26 25 37
26 25 38
26 25 39
26 25 40
27 25 40
28 25 40
28 25 41
28 25 42
28 25 43
28 26 43
29 26 43
30 26 43
30 27 43
30 28 43
31 28 43
32 28 43
33 28 43
33 28 44
33 28 45
33 28 46
33 29 46
34 29 46
35 29 46
35 30 46
35 30 47
36 30 47
37 30 47
37 30 48
38 30 48
39 30 48
39 30 49
6 14 64
path length:65
7 24 26
8 24 26
8 24 27
9 24 27
10 24 27
11 24 27
11 24 28
12 24 28
13 24 28
14 24 28
15 24 28
15 24 29
16 24 29
17 24 29
18 24 29
19 24 29
19 24 30
20 24 30
21 24 30
21 24 31
21 24 32
22 24 32
23 24 32
23 24 33
23 24 34
23 24 35
24 24 35
25 24 35
26 24 35
26 24 36
26 24 37
26 24 38
26 24 39
27 24 39
27 24 40
27 24 41
27 24 42
27 24 43
27 24 44
28 24 44
28 24 45
29 24 45
29 24 46
30 24 46
30 24 47
31 24 47
31 24 48
31 24 49
32 24 49
32 25 49
32 26 49
32 26 50
33 26 50
34 26 50
34 27 50
34 28 50
35 28 50
36 28 50
36 28 51
37 28 51
37 29 51
38 29 51
38 30 51
39 30 51
39 30 52
6 15 46
path length:47
7 24 26
8 24 26
9 24 26
10 24 26
11 24 26
12 24 26
12 24 25
13 24 25
14 24 25
15 24 25
16 24 25
17 24 25
18 24 25
19 24 25
20 24 25
20 23 25
21 23 25
22 23 25
23 23 25
24 23 25
24 24 25
25 24 25
26 24 25
26 24 24
27 24 24
28 24 24
29 24 24
30 24 24
31 24 24
32 24 24
33 24 24
34 24 24
35 24 24
36 24 24
36 25 24
36 26 24
37 26 24
38 26 24
39 26 24
39 27 24
39 27 23
39 27 22
40 27 22
40 27 21
40 28 21
40 29 21
40 30 21
6 16 53
path length:54
7 24 26
8 24 26
8 24 27
9 24 27
10 24 27
11 24 27
12 24 27
12 24 28
12 24 29
13 24 29
14 24 29
15 24 29
16 24 29
17 24 29
17 24 30
17 24 31
17 24 32
18 24 32
18 24 33
18 24 34
18 24 35
18 24 36
19 24 36
20 24 36
21 24 36
22 24 36
23 24 36
23 24 37
24 24 37
25 24 37
26 24 37
27 24 37
28 24 37
29 24 37
30 24 37
31 24 37
32 24 37
33 24 37
33 25 37
34 25 37
35 25 37
36 25 37
37 25 37
37 26 37
37 27 37
38 27 37
38 28 37
38 29 37
39 29 37
40 29 37
40 29 38
40 30 38
41 30 38
41 30 39
6 17 48
path length:49
7 24 26
8 24 26
8 24 27
8 24 28
8 24 29
9 24 29
9 24 30
10 24 30
11 24 30
12 24 30
13 24 30
13 24 31
14 24 31
15 24 31
16 24 31
17 24 31
18 24 31
19 24 31
20 24 31
21 24 31
22 24 31
23 24 31
24 24 31
25 24 31
26 24 31
27 24 31
28 24 31
29 24 31
29 25 31
30 25 31
31 25 31
32 25 31
33 25 31
34 25 31
34 26 31
35 26 31
36 26 31
37 26 31
37 27 31
38 27 31
39 27 31
40 27 31
41 27 31
41 28 31
41 29 31
41 30 31
41 31 31
41 31 32
41 31 33
6 18 51
path length:52
7 24 26
8 24 26
8 24 27
8 24 28
8 24 29
9 24 29
10 24 29
11 24 29
12 24 29
13 24 29
14 24 29
15 24 29
16 24 29
16 24 30
17 24 30
18 24 30
19 24 30
20 24 30
21 24 30
21 24 31
22 24 31
23 24 31
24 24 31
25 24 31
25 24 32
26 24 32
26 25 32
27 25 32
28 25 32
28 26 32
29 26 32
30 26 32
30 27 32
30 28 32
31 28 32
32 28 32
32 29 32
32 30 32
32 31 32
33 31 32
34 31 32
35 31 32
36 31 32
37 31 32
38 31 32
38 31 33
38 31 34
39 31 34
40 31 34
40 31 35
41 31 35
41 31 36
6 19 75
path length:76
7 24 26
8 24 26
8 24 27
8 24 28
8 24 29
9 24 29
10 24 29
10 24 30
11 24 30
12 24 30
13 24 30
14 24 30
15 24 30
15 24 31
15 24 32
15 24 33
15 24 34
15 24 35
16 24 35
17 24 35
17 24 36
18 24 36
18 24 37
19 24 37
20 24 37
21 24 37
22 24 37
23 24 37
23 24 38
23 25 38
24 25 38
25 25 38
26 25 38
27 25 38
27 25 39
27 25 40
27 25 41
27 25 42
27 25 43
27 25 44
27 26 44
27 27 44
27 27 45
27 27 46
27 27 47
28 27 47
28 28 47
28 28 48
29 28 48
30 28 48
31 28 48
31 28 49
32 28 49
33 28 49
34 28 49
34 29 49
34 29 50
34 29 51
34 29 52
35 29 52
35 30 52
36 30 52
36 31 52
37 31 52
38 31 52
38 31 51
39 31 51
40 31 51
40 31 52
40 31 53
40 31 54
40 31 55
40 31 56
40 31 57
40 31 58
41 31 58
7 8 2
path length:3
7 24 47
7 24 48
7 24 49
7 9 6
path length:7
7 24 47
8 24 47
8 24 48
8 24 49
8 24 50
8 24 51
8 24 52
7 10 62
path length:63
7 24 47
8 24 47
8 24 46
8 24 45
8 24 44
9 24 44
10 24 44
11 24 44
12 24 44
13 24 44
14 24 44
15 24 44
16 24 44
16 24 43
16 24 42
17 24 42
18 24 42
19 24 42
20 24 42
20 24 41
20 24 40
21 24 40
22 24 40
22 24 39
22 24 38
22 24 37
22 24 36
22 24 35
22 24 34
23 24 34
24 24 34
24 24 33
25 24 33
26 24 33
26 24 32
26 25 32
27 25 32
27 25 31
28 25 31
29 25 31
30 25 31
31 25 31
32 25 31
33 25 31
34 25 31
34 25 30
35 25 30
36 25 30
36 25 29
37 25 29
37 26 29
37 27 29
37 27 28
37 27 27
37 27 26
37 27 25
37 27 24
37 28 24
37 29 24
38 29 24
38 29 23
38 30 23
39 30 23
7 11 61
path length:62
7 24 47
8 24 47
8 24 46
8 24 45
8 24 44
9 24 44
10 24 44
11 24 44
12 24 44
13 24 44
14 24 44
15 24 44
15 24 43
15 24 42
16 24 42
17 24 42
18 24 42
19 24 42
20 24 42
21 24 42
21 24 41
21 24 40
22 24 40
22 24 39
22 24 38
22 24 37
23 24 37
24 24 37
25 24 37
26 24 37
26 24 36
26 24 35
27 24 35
27 25 35
27 25 34
27 25 33
28 25 33
29 25 33
30 25 33
31 25 33
32 25 33
32 25 32
32 25 31
33 25 31
34 25 31
35 25 31
36 25 31
37 25 31
38 25 31
38 25 30
38 25 29
38 25 28
38 26 28
38 26 27
39 26 27
39 27 27
40 27 27
40 28 27
40 29 27
40 29 26
40 30 26
39 30 26
7 12 42
path length:43
7 24 47
8 24 47
9 24 47
10 24 47
11 24 47
11 25 47
12 25 47
12 25 46
13 25 46
14 25 46
15 25 46
16 25 46
17 25 46
18 25 46
19 25 46
20 25 46
21 25 46
21 24 46
22 24 46
23 24 46
24 24 46
25 24 46
26 24 46
27 24 46
28 24 46
29 24 46
30 24 46
31 24 46
31 25 46
31 26 46
31 27 46
32 27 46
32 28 46
33 28 46
34 28 46
35 28 46
36 28 46
36 28 47
36 29 47
37 29 47
37 30 47
38 30 47
39 30 47
7 13 42
path length:43
7 24 47
8 24 47
8 24 48
9 24 48
10 24 48
11 24 48
12 24 48
12 24 49
13 24 49
13 24 50
14 24 50
15 24 50
16 24 50
17 24 50
18 24 50
19 24 50
20 24 50
21 24 50
22 24 50
23 24 50
24 24 50
25 24 50
26 24 50
27 24 50
27 25 50
27 26 50
28 26 50
29 26 50
30 26 50
30 27 50
31 27 50
32 27 50
33 27 50
34 27 50
35 27 50
36 27 50
37 27 50
38 27 50
39 27 50
39 28 50
39 29 50
39 30 50
39 30 49
7 14 43
path length:44
7 24 47
8 24 47
8 24 48
8 24 49
8 24 50
9 24 50
10 24 50
11 24 50
11 24 51
12 24 51
13 24 51
14 24 51
15 24 51
16 24 51
17 24 51
18 24 51
19 24 51
20 24 51
21 24 51
22 24 51
23 24 51
24 24 51
25 24 51
26 24 51
26 24 52
27 24 52
28 24 52
28 25 52
29 25 52
30 25 52
31 25 52
32 25 52
33 25 52
33 26 52
34 26 52
35 26 52
36 26 52
37 26 52
38 26 52
38 27 52
38 28 52
39 28 52
39 29 52
39 30 52
7 15 65
path length:66
7 24 47
8 24 47
8 24 46
8 24 45
8 24 44
9 24 44
10 24 44
11 24 44
12 24 44
13 24 44
14 24 44
15 24 44
16 24 44
17 24 44
18 24 44
19 24 44
20 24 44
20 24 43
21 24 43
22 24 43
23 24 43
24 24 43
24 25 43
25 25 43
25 25 42
26 25 42
27 25 42
28 25 42
29 25 42
29 26 42
29 26 41
29 26 40
29 26 39
29 26 38
29 27 38
29 27 37
29 27 36
29 28 36
29 28 35
30 28 35
30 28 34
30 28 33
31 28 33
32 28 33
33 28 33
34 28 33
34 29 33
34 29 32
34 29 31
34 29 30
35 29 30
36 29 30
37 29 30
38 29 30
38 29 29
39 29 29
39 29 28
39 29 27
39 29 26
40 29 26
40 29 25
40 29 24
40 29 23
40 29 22
40 29 21
40 30 21
7 16 48
path length:49
7 24 47
8 24 47
8 24 46
8 24 45
8 24 44
9 24 44
10 24 44
11 24 44
12 24 44
13 24 44
14 24 44
14 24 43
15 24 43
16 24 43
17 24 43
18 24 43
18 24 42
18 24 41
18 24 40
19 24 40
20 24 40
21 24 40
22 24 40
23 24 40
24 24 40
24 25 40
25 25 40
26 25 40
27 25 40
28 25 40
28 26 40
29 26 40
30 26 40
31 26 40
32 26 40
33 26 40
34 26 40
35 26 40
36 26 40
37 26 40
38 26 40
39 26 40
40 26 40
40 27 40
40 28 40
40 28 39
40 29 39
41 29 39
41 30 39
7 17 57
path length:58
7 24 47
8 24 47
8 24 46
9 24 46
10 24 46
10 24 45
11 24 45
12 24 45
13 24 45
14 24 45
15 24 45
16 24 45
17 24 45
17 24 44
17 24 43
18 24 43
19 24 43
20 24 43
21 24 43
21 24 42
22 24 42
23 24 42
24 24 42
24 25 42
24 25 41
24 25 40
25 25 40
25 25 39
26 25 39
27 25 39
28 25 39
29 25 39
30 25 39
31 25 39
31 26 39
31 26 38
32 26 38
33 26 38
33 27 38
33 28 38
34 28 38
35 28 38
35 28 37
36 28 37
36 29 37
37 29 37
37 30 37
38 30 37
38 31 37
39 31 37
40 31 37
40 31 36
41 31 36
41 31 35
41 32 35
41 32 34
41 32 33
41 31 33
7 18 52
path length:53
7 24 47
8 24 47
8 24 46
8 24 45
8 24 44
9 24 44
9 24 43
10 24 43
11 24 43
12 24 43
13 24 43
14 24 43
15 24 43
16 24 43
17 24 43
18 24 43
19 24 43
20 24 43
20 24 42
21 24 42
22 24 42
22 24 41
23 24 41
23 25 41
24 25 41
24 25 40
25 25 40
25 25 39
26 25 39
27 25 39
28 25 39
29 25 39
29 25 38
29 25 37
29 26 37
29 27 37
30 27 37
31 27 37
32 27 37
33 27 37
33 28 37
34 28 37
35 28 37
36 28 37
37 28 37
37 29 37
37 30 37
38 30 37
38 31 37
39 31 37
40 31 37
41 31 37
41 31 36
7 19 52
path length:53
7 24 47
8 24 47
9 24 47
10 24 47
11 24 47
11 24 48
12 24 48
12 24 49
12 24 50
12 24 51
13 24 51
14 24 51
15 24 51
16 24 51
17 24 51
18 24 51
19 24 51
20 24 51
20 24 52
21 24 52
22 24 52
23 24 52
24 24 52
24 24 53
25 24 53
26 24 53
26 24 54
26 25 54
26 25 55
27 25 55
28 25 55
28 26 55
28 26 56
28 26 57
29 26 57
29 27 57
30 27 57
31 27 57
32 27 57
33 27 57
34 27 57
35 27 57
36 27 57
37 27 57
37 28 57
37 29 57
37 30 57
37 31 57
37 31 58
38 31 58
39 31 58
40 31 58
41 31 58
8 9 4
path length:5
7 24 49
8 24 49
8 24 50
8 24 51
8 24 52
8 10 64
path length:65
7 24 49
8 24 49
8 24 48
8 24 47
8 24 46
8 24 45
8 24 44
9 24 44
10 24 44
10 24 43
10 24 42
10 24 41
10 24 40
10 24 39
10 24 38
10 24 37
11 24 37
12 24 37
13 24 37
14 24 37
15 24 37
16 24 37
17 24 37
17 24 36
17 24 35
17 24 34
17 24 33
18 24 33
19 24 33
20 24 33
20 24 32
20 24 31
21 24 31
22 24 31
23 24 31
23 24 30
23 24 29
23 24 28
24 24 28
25 24 28
26 24 28
27 24 28
28 24 28
29 24 28
30 24 28
31 24 28
31 24 27
31 24 26
32 24 26
33 24 26
33 25 26
34 25 26
35 25 26
36 25 26
36 26 26
37 26 26
38 26 26
38 27 26
39 27 26
39 27 25
39 27 24
39 28 24
39 28 23
39 29 23
39 30 23
8 11 63
path length:64
7 24 49
8 24 49
8 24 48
8 24 47
8 24 46
8 24 45
8 24 44
9 24 44
10 24 44
11 24 44
12 24 44
13 24 44
14 24 44
15 24 44
16 24 44
17 24 44
18 24 44
19 24 44
20 24 44
21 24 44
22 24 44
23 24 44
24 24 44
24 24 43
24 23 43
24 23 42
24 23 41
24 23 40
24 23 39
24 23 38
24 23 37
24 23 36
25 23 36
26 23 36
27 23 36
28 23 36
28 24 36
28 25 36
28 26 36
29 26 36
29 26 35
29 27 35
29 27 34
29 27 33
30 27 33
31 27 33
32 27 33
32 27 32
32 27 31
32 27 30
32 28 30
33 28 30
33 28 29
34 28 29
35 28 29
36 28 29
36 28 28
37 28 28
37 29 28
37 30 28
37 30 27
37 30 26
38 30 26
39 30 26
8 12 42
path length:43
7 24 49
8 24 49
9 24 49
10 24 49
11 24 49
12 24 49
13 24 49
14 24 49
15 24 49
15 24 50
16 24 50
17 24 50
18 24 50
19 24 50
20 24 50
21 24 50
22 24 50
23 24 50
24 24 50
25 24 50
26 24 50
27 24 50
28 24 50
29 24 50
30 24 50
31 24 50
32 24 50
33 24 50
34 24 50
35 24 50
35 25 50
35 26 50
36 26 50
37 26 50
37 27 50
37 28 50
38 28 50
38 28 49
38 29 49
38 29 48
38 29 47
39 29 47
39 30 47
8 13 40
path length:41
7 24 49
8 24 49
9 24 49
10 24 49
11 24 49
12 24 49
13 24 49
14 24 49
15 24 49
15 24 50
16 24 50
17 24 50
18 24 50
19 24 50
20 24 50
21 24 50
22 24 50
23 24 50
24 24 50
25 24 50
26 24 50
27 24 50
28 24 50
29 24 50
30 24 50
31 24 50
32 24 50
33 24 50
34 24 50
35 24 50
36 24 50
37 24 50
38 24 50
39 24 50
39 25 50
39 26 50
39 27 50
39 28 50
39 29 50
39 30 50
39 30 49
8 14 41
path length:42
7 24 49
8 24 49
8 24 50
9 24 50
10 24 50
11 24 50
12 24 50
13 24 50
14 24 50
15 24 50
16 24 50
17 24 50
18 24 50
19 24 50
20 24 50
21 24 50
22 24 50
23 24 50
24 24 50
25 24 50
26 24 50
27 24 50
28 24 50
29 24 50
29 25 50
29 26 50
29 27 50
30 27 50
31 27 50
32 27 50
33 27 50
33 28 50
34 28 50
35 28 50
36 28 50
37 28 50
37 28 51
37 29 51
37 30 51
38 30 51
39 30 51
39 30 52
8 15 67
path length:68
7 24 49
8 24 49
8 24 48
8 24 47
8 24 46
8 24 45
8 24 44
9 24 44
10 24 44
11 24 44
12 24 44
13 24 44
14 24 44
14 24 43
15 24 43
16 24 43
17 24 43
18 24 43
18 24 42
18 24 41
18 24 40
18 24 39
18 24 38
18 24 37
18 24 36
18 24 35
19 24 35
20 24 35
20 24 34
21 24 34
21 24 33
22 24 33
23 24 33
24 24 33
25 24 33
25 24 32
26 24 32
27 24 32
27 25 32
28 25 32
29 25 32
29 25 31
29 26 31
29 26 30
29 26 29
30 26 29
31 26 29
31 26 28
32 26 28
32 27 28
33 27 28
34 27 28
35 27 28
35 27 27
35 27 26
35 27 25
35 27 24
36 27 24
37 27 24
37 28 24
38 28 24
38 29 24
38 30 24
39 30 24
39 30 23
39 30 22
39 30 21
40 30 21
8 16 50
path length:51
7 24 49
8 24 49
8 24 48
8 24 47
8 24 46
9 24 46
9 24 45
10 24 45
11 24 45
12 24 45
13 24 45
14 24 45
15 24 45
16 24 45
17 24 45
18 24 45
19 24 45
20 24 45
21 24 45
22 24 45
23 24 45
23 25 45
23 25 44
24 25 44
24 25 43
25 25 43
26 25 43
27 25 43
28 25 43
28 25 42
29 25 42
30 25 42
30 25 41
31 25 41
32 25 41
33 25 41
34 25 41
35 25 41
36 25 41
37 25 41
37 26 41
37 27 41
37 28 41
37 29 41
38 29 41
39 29 41
40 29 41
41 29 41
41 29 40
41 29 39
41 30 39
8 17 57
path length:58
7 24 49
8 24 49
8 24 48
8 24 47
8 24 46
9 24 46
10 24 46
11 24 46
12 24 46
12 24 45
13 24 45
13 24 44
14 24 44
14 24 43
15 24 43
16 24 43
17 24 43
18 24 43
19 24 43
20 24 43
21 24 43
22 24 43
23 24 43
24 24 43
24 24 42
24 24 41
24 24 40
25 24 40
26 24 40
27 24 40
28 24 40
29 24 40
30 24 40
30 24 39
31 24 39
32 24 39
33 24 39
34 24 39
35 24 39
36 24 39
37 24 39
38 24 39
39 24 39
39 25 39
40 25 39
40 25 38
40 26 38
40 27 38
40 28 38
41 28 38
41 28 37
41 29 37
41 29 36
41 29 35
41 29 34
41 30 34
41 31 34
41 31 33
8 18 56
path length:57
7 24 49
8 24 49
8 24 48
8 24 47
8 24 46
9 24 46
10 24 46
11 24 46
12 24 46
12 24 45
13 24 45
14 24 45
15 24 45
15 24 44
16 24 44
17 24 44
18 24 44
18 24 43
19 24 43
19 24 42
20 24 42
21 24 42
22 24 42
23 24 42
23 24 41
23 24 40
23 24 39
23 24 38
23 25 38
24 25 38
25 25 38
26 25 38
26 26 38
27 26 38
28 26 38
29 26 38
30 26 38
30 27 38
31 27 38
32 27 38
33 27 38
33 28 38
34 28 38
35 28 38
36 28 38
36 29 38
36 29 37
36 29 36
37 29 36
37 30 36
37 30 37
38 30 37
39 30 37
39 31 37
40 31 37
40 31 36
41 31 36
8 19 50
path length:51
7 24 49
8 24 49
8 24 50
9 24 50
10 24 50
11 24 50
12 24 50
13 24 50
14 24 50
15 24 50
16 24 50
17 24 50
17 24 51
18 24 51
18 24 52
18 24 53
19 24 53
20 24 53
20 25 53
21 25 53
22 25 53
23 25 53
24 25 53
25 25 53
26 25 53
27 25 53
28 25 53
29 25 53
30 25 53
31 25 53
32 25 53
33 25 53
34 25 53
35 25 53
36 25 53
36 26 53
36 27 53
36 27 54
37 27 54
37 27 55
37 28 55
37 28 56
37 28 57
37 29 57
37 30 57
38 30 57
39 30 57
39 31 57
40 31 57
41 31 57
41 31 58
9 10 66
path length:67
8 24 52
9 24 52
9 24 51
9 24 50
9 24 49
9 24 48
9 24 47
9 24 46
9 24 45
9 24 44
10 24 44
11 24 44
12 24 44
13 24 44
14 24 44
15 24 44
16 24 44
17 24 44
18 24 44
19 24 44
20 24 44
21 24 44
21 24 43
22 24 43
22 24 42
22 24 41
23 24 41
24 24 41
25 24 41
25 25 41
26 25 41
27 25 41
28 25 41
29 25 41
30 25 41
31 25 41
31 25 40
31 25 39
31 26 39
31 26 38
31 27 38
31 28 38
31 28 37
32 28 37
33 28 37
33 28 36
33 28 35
33 28 34
34 28 34
34 29 34
34 29 33
34 29 32
34 29 31
35 29 31
35 29 30
36 29 30
36 29 29
36 30 29
37 30 29
37 30 28
37 30 27
38 30 27
38 30 26
38 30 25
38 30 24
38 30 23
39 30 23
9 11 63
path length:64
8 24 52
9 24 52
9 24 51
10 24 51
11 24 51
12 24 51
13 24 51
14 24 51
15 24 51
16 24 51
17 24 51
17 24 50
18 24 50
19 24 50
19 24 49
19 24 48
20 24 48
21 24 48
22 24 48
22 24 47
22 24 46
22 24 45
22 24 44
23 24 44
23 24 43
23 24 42
23 24 41
24 24 41
25 24 41
26 24 41
26 24 40
27 24 40
27 24 39
27 24 38
27 24 37
27 24 36
27 24 35
28 24 35
28 24 34
28 24 33
29 24 33
29 25 33
29 26 33
30 26 33
31 26 33
32 26 33
32 26 32
32 27 32
32 27 31
33 27 31
34 27 31
34 27 30
35 27 30
36 27 30
36 27 29
36 28 29
36 28 28
37 28 28
38 28 28
38 29 28
38 29 27
38 30 27
39 30 27
39 30 26
9 12 42
path length:43
8 24 52
9 24 52
9 24 51
10 24 51
11 24 51
11 24 50
12 24 50
13 24 50
14 24 50
15 24 50
16 24 50
17 24 50
18 24 50
19 24 50
20 24 50
21 24 50
22 24 50
23 24 50
24 24 50
25 24 50
26 24 50
27 24 50
28 24 50
29 24 50
30 24 50
31 24 50
32 24 50
33 24 50
34 24 50
35 24 50
36 24 50
37 24 50
38 24 50
38 25 50
38 26 50
38 27 50
38 28 50
38 29 50
38 30 50
38 30 49
38 30 48
39 30 48
39 30 47
9 13 40
path length:41
8 24 52
9 24 52
9 24 51
10 24 51
11 24 51
12 24 51
13 24 51
14 24 51
15 24 51
16 24 51
17 24 51
18 24 51
19 24 51
20 24 51
21 24 51
22 24 51
22 24 50
23 24 50
24 24 50
25 24 50
26 24 50
27 24 50
28 24 50
29 24 50
30 24 50
31 24 50
32 24 50
33 24 50
34 24 50
35 24 50
36 24 50
36 25 50
36 26 50
36 27 50
36 28 50
37 28 50
38 28 50
39 28 50
39 29 50
39 30 50
39 30 49
9 14 39
path length:40
8 24 52
9 24 52
10 24 52
11 24 52
12 24 52
12 24 51
13 24 51
14 24 51
15 24 51
16 24 51
17 24 51
18 24 51
19 24 51
20 24 51
21 24 51
22 24 51
23 24 51
24 24 51
25 24 51
26 24 51
27 24 51
27 24 52
28 24 52
29 24 52
30 24 52
31 24 52
32 24 52
33 24 52
34 24 52
35 24 52
36 24 52
37 24 52
38 24 52
39 24 52
39 25 52
39 26 52
39 27 52
39 28 52
39 29 52
39 30 52
9 15 69
path length:70
8 24 52
9 24 52
9 24 51
9 24 50
9 24 49
10 24 49
11 24 49
12 24 49
12 24 48
12 24 47
12 24 46
12 24 45
12 24 44
12 24 43
12 24 42
13 24 42
14 24 42
15 24 42
16 24 42
17 24 42
18 24 42
19 24 42
20 24 42
20 24 41
20 24 40
20 24 39
20 24 38
20 24 37
21 24 37
21 24 36
21 24 35
21 24 34
22 24 34
22 24 33
23 24 33
24 24 33
25 24 33
25 24 32
26 24 32
27 24 32
27 25 32
27 25 31
28 25 31
29 25 31
29 26 31
29 26 30
29 26 29
30 26 29
31 26 29
31 27 29
32 27 29
32 27 28
33 27 28
33 27 27
33 27 26
34 27 26
34 27 25
34 27 24
35 27 24
35 28 24
35 29 24
36 29 24
37 29 24
38 29 24
39 29 24
39 29 23
39 29 22
40 29 22
40 30 22
40 30 21
9 16 54
path length:53
8 24 52
9 24 52
9 24 51
9 24 50
9 24 49
10 24 49
11 24 49
12 24 49
12 24 48
12 24 47
12 24 46
12 24 45
12 24 44
12 24 43
13 24 43
14 24 43
14 24 42
15 24 42
16 24 42
17 24 42
18 24 42
18 24 41
19 24 41
20 24 41
21 24 41
22 24 41
23 24 41
24 24 41
25 24 41
26 24 41
27 24 41
28 24 41
29 24 41
30 24 41
31 24 41
32 24 41
32 24 40
33 24 40
34 24 40
35 24 40
36 24 40
37 24 40
38 24 40
39 24 40
39 25 40
39 26 40
39 27 40
39 28 40
40 28 40
40 29 40
40 29 39
41 29 39
41 30 39
9 17 61
path length:62
8 24 52
9 24 52
9 24 51
9 24 50
9 24 49
10 24 49
11 24 49
11 24 48
11 24 47
11 24 46
12 24 46
12 24 45
12 24 44
13 24 44
14 24 44
15 24 44
16 24 44
17 24 44
17 24 43
17 24 42
18 24 42
19 24 42
19 24 41
20 24 41
21 24 41
21 24 40
22 24 40
22 24 39
23 24 39
24 24 39
25 24 39
26 24 39
27 24 39
28 24 39
28 24 38
28 24 37
28 24 36
28 24 35
29 24 35
29 24 34
29 24 33
29 24 32
30 24 32
31 24 32
32 24 32
33 24 32
33 25 32
34 25 32
35 25 32
36 25 32
37 25 32
38 25 32
38 25 33
38 26 33
38 27 33
39 27 33
40 27 33
41 27 33
41 28 33
41 29 33
41 30 33
41 31 33
9 18 56
path length:57
8 24 52
9 24 52
9 24 51
9 24 50
9 24 49
10 24 49
11 24 49
12 24 49
12 24 48
12 24 47
12 24 46
12 24 45
12 24 44
12 24 43
13 24 43
14 24 43
15 24 43
16 24 43
17 24 43
17 24 42
18 24 42
19 24 42
20 24 42
21 24 42
21 24 41
21 24 40
21 24 39
21 24 38
22 24 38
23 24 38
24 24 38
25 24 38
25 25 38
26 25 38
27 25 38
28 25 38
29 25 38
30 25 38
31 25 38
32 25 38
32 26 38
32 27 38
33 27 38
34 27 38
34 28 38
35 28 38
36 28 38
36 28 37
36 29 37
37 29 37
38 29 37
39 29 37
40 29 37
41 29 37
41 29 36
41 30 36
41 31 36
9 19 46
path length:47
8 24 52
9 24 52
9 24 53
9 24 54
9 24 55
10 24 55
11 24 55
12 24 55
13 24 55
14 24 55
15 24 55
16 24 55
17 24 55
18 24 55
19 24 55
20 24 55
21 24 55
22 24 55
23 24 55
24 24 55
25 24 55
26 24 55
26 25 55
27 25 55
28 25 55
29 25 55
30 25 55
31 25 55
32 25 55
33 25 55
34 25 55
35 25 55
36 25 55
37 25 55
38 25 55
39 25 55
40 25 55
41 25 55
41 26 55
41 27 55
41 28 55
41 28 56
41 29 56
41 30 56
41 31 56
41 31 57
41 31 58
10 11 3
path length:4
39 30 23
39 30 24
39 30 25
39 30 26
10 12 26
path length:27
39 30 23
39 30 24
39 30 25
39 30 26
39 30 27
39 30 28
39 30 29
39 30 30
39 30 31
39 30 32
39 30 33
39 30 34
39 30 35
40 30 35
40 30 36
40 30 37
39 30 37
39 30 38
39 30 39
39 30 40
39 30 41
39 30 42
39 30 43
39 30 44
39 30 45
39 30 46
39 30 47
10 13 28
path length:29
39 30 23
39 30 24
39 30 25
39 30 26
39 30 27
39 30 28
39 30 29
39 30 30
39 30 31
39 30 32
39 30 33
39 30 34
39 30 35
40 30 35
40 30 36
40 30 37
39 30 37
39 30 38
39 30 39
39 30 40
39 30 41
39 30 42
39 30 43
39 30 44
39 30 45
39 30 46
39 30 47
39 30 48
39 30 49
10 14 31
path length:32
39 30 23
39 30 24
39 30 25
39 30 26
39 30 27
39 30 28
39 30 29
39 30 30
39 30 31
39 30 32
39 30 33
39 30 34
39 30 35
40 30 35
40 30 36
40 30 37
39 30 37
39 30 38
39 30 39
39 30 40
39 30 41
39 30 42
39 30 43
39 30 44
39 30 45
39 30 46
39 30 47
39 30 48
39 30 49
39 30 50
39 30 51
39 30 52
10 15 3
path length:4
39 30 23
40 30 23
40 30 22
40 30 21
10 16 18
path length:19
39 30 23
40 30 23
40 30 24
40 30 25
41 30 25
41 30 26
41 30 27
41 30 28
41 30 29
41 30 30
41 30 31
41 30 32
41 30 33
41 30 34
41 30 35
41 30 36
41 30 37
41 30 38
41 30 39
10 17 13
path length:14
39 30 23
40 30 23
40 30 24
41 30 24
41 30 25
41 30 26
41 31 26
41 31 27
41 31 28
41 31 29
41 31 30
41 31 31
41 31 32
41 31 33
10 18 16
path length:17
39 30 23
40 30 23
40 30 24
41 30 24
41 30 25
41 30 26
41 31 26
41 31 27
41 31 28
41 31 29
41 31 30
41 31 31
41 31 32
41 31 33
41 31 34
41 31 35
41 31 36
10 19 38
path length:39
39 30 23
39 30 24
39 30 25
39 30 26
39 30 27
40 30 27
40 30 28
40 30 29
40 30 30
40 30 31
40 30 32
40 30 33
40 30 34
40 30 35
40 30 36
40 30 37
40 30 38
40 30 39
40 30 40
40 30 41
40 30 42
40 30 43
40 30 44
40 30 45
40 30 46
40 30 47
40 30 48
40 30 49
40 30 50
40 30 51
40 30 52
40 30 53
40 30 54
40 30 55
40 30 56
41 30 56
41 30 57
41 31 57
41 31 58
11 12 23
path length:24
39 30 26
39 30 27
39 30 28
39 30 29
39 30 30
39 30 31
39 30 32
39 30 33
39 30 34
39 30 35
40 30 35
40 30 36
40 30 37
39 30 37
39 30 38
39 30 39
39 30 40
39 30 41
39 30 42
39 30 43
39 30 44
39 30 45
39 30 46
39 30 47
11 13 25
path length:26
39 30 26
39 30 27
39 30 28
39 30 29
39 30 30
39 30 31
39 30 32
39 30 33
39 30 34
39 30 35
40 30 35
40 30 36
40 30 37
39 30 37
39 30 38
39 30 39
39 30 40
39 30 41
39 30 42
39 30 43
39 30 44
39 30 45
39 30 46
39 30 47
39 30 48
39 30 49
11 14 28
path length:29
39 30 26
39 30 27
39 30 28
39 30 29
39 30 30
39 30 31
39 30 32
39 30 33
39 30 34
39 30 35
40 30 35
40 30 36
40 30 37
39 30 37
39 30 38
39 30 39
39 30 40
39 30 41
39 30 42
39 30 43
39 30 44
39 30 45
39 30 46
39 30 47
39 30 48
39 30 49
39 30 50
39 30 51
39 30 52
11 15 6
path length:7
39 30 26
40 30 26
40 30 25
40 30 24
40 30 23
40 30 22
40 30 21
11 16 15
path length:16
39 30 26
40 30 26
40 30 27
40 30 28
41 30 28
41 30 29
41 30 30
41 30 31
41 30 32
41 30 33
41 30 34
41 30 35
41 30 36
41 30 37
41 30 38
41 30 39
11 17 10
path length:11
39 30 26
40 30 26
40 30 27
41 30 27
41 30 28
41 30 29
41 31 29
41 31 30
41 31 31
41 31 32
41 31 33
11 18 13
path length:14
39 30 26
40 30 26
40 30 27
41 30 27
41 30 28
41 30 29
41 31 29
41 31 30
41 31 31
41 31 32
41 31 33
41 31 34
41 31 35
41 31 36
11 19 35
path length:36
39 30 26
39 30 27
39 30 28
39 30 29
39 30 30
40 30 30
40 30 31
40 30 32
40 30 33
40 30 34
40 30 35
40 30 36
40 30 37
40 30 38
40 30 39
40 30 40
40 30 41
40 30 42
40 30 43
40 30 44
40 30 45
40 30 46
40 30 47
40 30 48
40 30 49
40 30 50
40 31 50
40 31 51
40 31 52
40 31 53
40 31 54
41 31 54
41 31 55
41 31 56
41 31 57
41 31 58
12 13 2
path length:3
39 30 47
39 30 48
39 30 49
12 14 5
path length:6
39 30 47
39 30 48
39 30 49
39 30 50
39 30 51
39 30 52
12 15 27
path length:28
39 30 47
40 30 47
40 30 46
40 30 45
40 30 44
40 30 43
40 30 42
40 30 41
40 30 40
40 30 39
40 30 38
40 30 37
40 30 36
40 30 35
40 30 34
40 30 33
40 30 32
40 30 31
40 30 30
40 30 29
40 30 28
40 30 27
40 30 26
40 30 25
40 30 24
40 30 23
40 30 22
40 30 21
12 16 10
path length:11
39 30 47
40 30 47
40 30 46
40 30 45
41 30 45
41 30 44
41 30 43
41 30 42
41 30 41
41 30 40
41 30 39
12 17 17
path length:18
39 30 47
40 30 47
40 30 46
40 30 45
40 30 44
40 30 43
41 30 43
41 30 42
41 30 41
41 30 40
41 31 40
41 31 39
41 31 38
41 31 37
41 31 36
41 31 35
41 31 34
41 31 33
12 18 14
path length:15
39 30 47
40 30 47
40 30 46
40 30 45
40 30 44
40 30 43
41 30 43
41 30 42
41 30 41
41 30 40
41 31 40
41 31 39
41 31 38
41 31 37
41 31 36
12 19 14
path length:15
39 30 47
40 30 47
40 30 48
41 30 48
41 30 49
41 30 50
41 31 50
41 31 51
41 31 52
41 31 53
41 31 54
41 31 55
41 31 56
41 31 57
41 31 58
13 14 3
path length:4
39 30 49
39 30 50
39 30 51
39 30 52
13 15 29
path length:30
39 30 49
40 30 49
40 30 48
40 30 47
40 30 46
40 30 45
40 30 44
40 30 43
40 30 42
40 30 41
40 30 40
40 30 39
40 30 38
40 30 37
40 30 36
40 30 35
40 30 34
40 30 33
40 30 32
40 30 31
40 30 30
40 30 29
40 30 28
40 30 27
40 30 26
40 30 25
40 30 24
40 30 23
40 30 22
40 30 21
13 16 12
path length:13
39 30 49
40 30 49
40 30 48
40 30 47
41 30 47
41 30 46
41 30 45
41 30 44
41 30 43
41 30 42
41 30 41
41 30 40
41 30 39
13 17 19
path length:20
39 30 49
40 30 49
40 30 48
40 30 47
40 30 46
40 30 45
40 31 45
40 31 44
40 31 43
40 31 42
40 31 41
40 31 40
40 31 39
40 31 38
40 31 37
41 31 37
41 31 36
41 31 35
41 31 34
41 31 33
13 18 16
path length:17
39 30 49
40 30 49
40 30 48
40 30 47
40 30 46
40 30 45
40 31 45
40 31 44
40 31 43
40 31 42
40 31 41
40 31 40
40 31 39
40 31 38
40 31 37
41 31 37
41 31 36
13 19 12
path length:13
39 30 49
40 30 49
40 30 50
41 30 50
41 30 51
41 30 52
41 31 52
41 31 53
41 31 54
41 31 55
41 31 56
41 31 57
41 31 58
14 15 32
path length:33
39 30 52
40 30 52
40 30 51
40 30 50
40 30 49
40 30 48
40 30 47
40 30 46
40 30 45
40 30 44
40 30 43
40 30 42
40 30 41
40 30 40
40 30 39
40 30 38
40 30 37
40 30 36
40 30 35
40 30 34
40 30 33
40 30 32
40 30 31
40 30 30
40 30 29
40 30 28
40 30 27
40 30 26
40 30 25
40 30 24
40 30 23
40 30 22
40 30 21
14 16 15
path length:16
39 30 52
40 30 52
40 30 51
40 30 50
41 30 50
41 30 49
41 30 48
41 30 47
41 30 46
41 30 45
41 30 44
41 30 43
41 30 42
41 30 41
41 30 40
41 30 39
14 17 22
path length:23
39 30 52
40 30 52
40 30 51
40 30 50
40 30 49
40 30 48
40 31 48
40 31 47
40 31 46
40 31 45
40 31 44
40 31 43
40 31 42
40 31 41
40 31 40
41 31 40
41 31 39
41 31 38
41 31 37
41 31 36
41 31 35
41 31 34
41 31 33
14 18 19
path length:20
39 30 52
40 30 52
40 30 51
40 30 50
40 30 49
40 30 48
40 31 48
40 31 47
40 31 46
40 31 45
40 31 44
40 31 43
40 31 42
40 31 41
40 31 40
41 31 40
41 31 39
41 31 38
41 31 37
41 31 36
14 19 9
path length:10
39 30 52
40 30 52
40 30 53
41 30 53
41 30 54
41 30 55
41 31 55
41 31 56
41 31 57
41 31 58
15 16 19
path length:20
40 30 21
41 30 21
41 30 22
41 30 23
41 30 24
41 30 25
41 30 26
41 30 27
41 30 28
41 30 29
41 30 30
41 30 31
41 30 32
41 30 33
41 30 34
41 30 35
41 30 36
41 30 37
41 30 38
41 30 39
15 17 14
path length:15
40 30 21
41 30 21
41 31 21
41 31 22
41 31 23
41 31 24
41 31 25
41 31 26
41 31 27
41 31 28
41 31 29
41 31 30
41 31 31
41 31 32
41 31 33
15 18 17
path length:18
40 30 21
41 30 21
41 30 22
41 30 23
41 30 24
41 30 25
41 30 26
41 30 27
41 30 28
41 30 29
41 30 30
41 30 31
41 30 32
41 30 33
41 30 34
41 31 34
41 31 35
41 31 36
15 19 41
path length:42
40 30 21
41 30 21
41 30 22
41 30 23
41 30 24
41 30 25
41 30 26
41 30 27
41 30 28
41 30 29
41 30 30
41 30 31
41 30 32
41 30 33
41 30 34
41 31 34
41 31 35
41 31 36
41 31 37
41 31 38
41 31 39
41 31 40
41 31 41
41 31 42
41 31 43
41 32 43
41 32 44
41 32 45
41 32 46
41 31 46
41 31 47
41 31 48
41 31 49
41 31 50
41 31 51
41 31 52
41 31 53
41 31 54
41 31 55
41 31 56
41 31 57
41 31 58
16 17 7
path length:8
41 30 39
41 31 39
41 31 38
41 31 37
41 31 36
41 31 35
41 31 34
41 31 33
16 18 4
path length:5
41 30 39
41 31 39
41 31 38
41 31 37
41 31 36
16 19 20
path length:21
41 30 39
41 31 39
41 31 40
41 31 41
41 31 42
41 31 43
41 31 44
41 31 45
41 31 46
41 31 47
41 31 48
41 31 49
41 31 50
41 31 51
41 31 52
41 31 53
41 31 54
41 31 55
41 31 56
41 31 57
41 31 58
17 18 3
path length:4
41 31 33
41 31 34
41 31 35
41 31 36
17 19 25
path length:26
41 31 33
41 31 34
41 31 35
41 31 36
41 31 37
41 31 38
41 31 39
41 31 40
41 31 41
41 31 42
41 31 43
41 31 44
41 31 45
41 31 46
41 31 47
41 31 48
41 31 49
41 31 50
41 31 51
41 31 52
41 31 53
41 31 54
41 31 55
41 31 56
41 31 57
41 31 58
18 19 22
path length:23
41 31 36
41 31 37
41 31 38
41 31 39
41 31 40
41 31 41
41 31 42
41 31 43
41 31 44
41 31 45
41 31 46
41 31 47
41 31 48
41 31 49
41 31 50
41 31 51
41 31 52
41 31 53
41 31 54
41 31 55
41 31 56
41 31 57
41 31 58
